# column 1: index
# column 2: distance [A]
# column 3: RDF histogram
# column 4: unnormalized distance histogram
0 0.012000 0.000000 0.000000
1 0.036000 0.000000 0.000000
2 0.060000 0.000000 0.000000
3 0.084000 0.000000 0.000000
4 0.108000 0.000000 0.000000
5 0.132000 0.000000 0.000000
6 0.156000 0.000000 0.000000
7 0.180000 0.000000 0.000000
8 0.204000 0.000000 0.000000
9 0.228000 0.000000 0.000000
10 0.252000 0.000000 0.000000
11 0.276000 0.000000 0.000000
12 0.300000 0.000000 0.000000
13 0.324000 0.000000 0.000000
14 0.348000 0.000000 0.000000
15 0.372000 0.000000 0.000000
16 0.396000 0.000000 0.000000
17 0.420000 0.000000 0.000000
18 0.444000 0.000000 0.000000
19 0.468000 0.000000 0.000000
20 0.492000 0.000000 0.000000
21 0.516000 0.000000 0.000000
22 0.540000 0.000000 0.000000
23 0.564000 0.000000 0.000000
24 0.588000 0.000000 0.000000
25 0.612000 0.000000 0.000000
26 0.636000 0.000000 0.000000
27 0.660000 0.000000 0.000000
28 0.684000 0.000000 0.000000
29 0.708000 0.000000 0.000000
30 0.732000 0.000000 0.000000
31 0.756000 0.000000 0.000000
32 0.780000 0.000000 0.000000
33 0.804000 0.000000 0.000000
34 0.828000 0.000000 0.000000
35 0.852000 0.000000 0.000000
36 0.876000 0.000000 0.000000
37 0.900000 0.000000 0.000000
38 0.924000 0.000000 0.000000
39 0.948000 0.000000 0.000000
40 0.972000 0.000000 0.000000
41 0.996000 0.000000 0.000000
42 1.020000 0.000000 0.000000
43 1.044000 0.000000 0.000000
44 1.068000 0.000000 0.000000
45 1.092000 0.000000 0.000000
46 1.116000 0.000000 0.000000
47 1.140000 0.000000 0.000000
48 1.164000 0.000000 0.000000
49 1.188000 0.000000 0.000000
50 1.212000 0.000000 0.000000
51 1.236000 0.000000 0.000000
52 1.260000 0.000029 0.000480
53 1.284000 0.000024 0.000400
54 1.308000 0.000061 0.001080
55 1.332000 0.000039 0.000720
56 1.356000 0.000120 0.002280
57 1.380000 0.000226 0.004440
58 1.404000 0.000161 0.003280
59 1.428000 0.000403 0.008480
60 1.452000 0.000662 0.014400
61 1.476000 0.000859 0.019320
62 1.500000 0.001399 0.032480
63 1.524000 0.001704 0.040840
64 1.548000 0.002535 0.062680
65 1.572000 0.003559 0.090760
66 1.596000 0.005456 0.143400
67 1.620000 0.007149 0.193600
68 1.644000 0.009278 0.258760
69 1.668000 0.012510 0.359160
70 1.692000 0.016719 0.493920
71 1.716000 0.021323 0.647920
72 1.740000 0.026846 0.838720
73 1.764000 0.034384 1.104040
74 1.788000 0.044429 1.465680
75 1.812000 0.055986 1.896840
76 1.836000 0.070209 2.442160
77 1.860000 0.086694 3.094920
78 1.884000 0.109107 3.996240
79 1.908000 0.134678 5.059280
80 1.932000 0.167982 6.470120
81 1.956000 0.208134 8.217080
82 1.980000 0.257328 10.410080
83 2.004000 0.316601 13.120320
84 2.028000 0.386462 16.401320
85 2.052000 0.464337 20.175520
86 2.076000 0.555526 24.705600
87 2.100000 0.657348 29.913720
88 2.124000 0.762456 35.494440
89 2.148000 0.876772 41.743760
90 2.172000 0.990165 48.201840
91 2.196000 1.094714 54.475600
92 2.220000 1.195653 60.806160
93 2.244000 1.282770 66.654760
94 2.268000 1.351889 71.756920
95 2.292000 1.410144 76.441480
96 2.316000 1.447893 80.140160
97 2.340000 1.464617 82.754640
98 2.364000 1.474485 85.029920
99 2.388000 1.457973 85.793560
100 2.412000 1.432532 85.999400
101 2.436000 1.400901 85.782480
102 2.460000 1.361252 85.005160
103 2.484000 1.312722 83.581920
104 2.508000 1.264095 82.048600
105 2.532000 1.217362 80.534840
106 2.556000 1.166422 78.634640
107 2.580000 1.117929 76.787440
108 2.604000 1.070857 74.929000
109 2.628000 1.024673 73.025160
110 2.652000 0.988521 71.741320
111 2.676000 0.948311 70.074400
112 2.700000 0.913077 68.686480
113 2.724000 0.886720 67.894880
114 2.748000 0.860408 67.046240
115 2.772000 0.840843 66.671120
116 2.796000 0.820617 66.199000
117 2.820000 0.806066 66.146240
118 2.844000 0.796930 66.514400
119 2.868000 0.784070 66.550280
120 2.892000 0.779400 67.265640
121 2.916000 0.778421 68.300880
122 2.940000 0.778964 69.478200
123 2.964000 0.780286 70.737040
124 2.988000 0.782524 72.093360
125 3.012000 0.786717 73.648680
126 3.036000 0.797232 75.827120
127 3.060000 0.805084 77.789400
128 3.084000 0.815247 80.011840
129 3.108000 0.824465 82.180840
130 3.132000 0.839016 84.927840
131 3.156000 0.850115 87.375160
132 3.180000 0.865601 90.325080
133 3.204000 0.878093 93.016920
134 3.228000 0.892375 95.951320
135 3.252000 0.908928 99.189800
136 3.276000 0.923732 102.298800
137 3.300000 0.936217 105.206080
138 3.324000 0.956372 109.039840
139 3.348000 0.972609 112.498280
140 3.372000 0.991688 116.355440
141 3.396000 1.006982 119.837760
142 3.420000 1.023556 123.538000
143 3.444000 1.041762 127.506240
144 3.468000 1.058264 131.337440
145 3.492000 1.075058 135.274800
146 3.516000 1.092783 139.401680
147 3.540000 1.105190 142.915680
148 3.564000 1.118614 146.619600
149 3.588000 1.130682 150.204120
150 3.612000 1.139448 153.400440
151 3.636000 1.144734 156.166920
152 3.660000 1.147953 158.680200
153 3.684000 1.152100 161.348920
154 3.708000 1.150987 163.300120
155 3.732000 1.148449 165.056080
156 3.756000 1.139211 165.840960
157 3.780000 1.132230 166.937880
158 3.804000 1.126746 168.245480
159 3.828000 1.112968 168.291880
160 3.852000 1.101619 168.671000
161 3.876000 1.092849 169.419840
162 3.900000 1.081968 169.816640
163 3.924000 1.072200 170.361040
164 3.948000 1.061276 170.694360
165 3.972000 1.054487 171.670720
166 3.996000 1.045401 172.254480
167 4.020000 1.037887 173.076800
168 4.044000 1.034432 174.566400
169 4.068000 1.028745 175.673520
170 4.092000 1.025004 177.106040
171 4.116000 1.022139 178.688840
172 4.140000 1.019588 180.327440
173 4.164000 1.019169 182.349320
174 4.188000 1.021635 184.903800
175 4.212000 1.018843 186.517960
176 4.236000 1.021169 189.080280
177 4.260000 1.023610 191.686000
178 4.284000 1.023359 193.804320
179 4.308000 1.026940 196.667720
180 4.332000 1.027991 199.068680
181 4.356000 1.028481 201.376440
182 4.380000 1.029115 203.727120
183 4.404000 1.031533 206.449760
184 4.428000 1.032672 208.936520
185 4.452000 1.034242 211.528600
186 4.476000 1.035707 214.118120
187 4.500000 1.036349 216.554760
188 4.524000 1.037881 219.194400
189 4.548000 1.038945 221.753160
190 4.572000 1.038586 224.022480
191 4.596000 1.038674 226.399640
192 4.620000 1.036469 228.284680
193 4.644000 1.034756 230.281360
194 4.668000 1.033558 232.398480
195 4.692000 1.032038 234.449000
196 4.716000 1.030507 236.502120
197 4.740000 1.025818 237.828400
198 4.764000 1.026226 240.338360
199 4.788000 1.021952 241.755000
200 4.812000 1.019166 243.518920
201 4.836000 1.015319 245.025720
202 4.860000 1.015011 247.388680
203 4.884000 1.012006 249.098280
204 4.908000 1.009031 250.813000
205 4.932000 1.005650 252.423480
206 4.956000 1.002205 254.012920
207 4.980000 0.999180 255.704760
208 5.004000 0.996675 257.528040
209 5.028000 0.994510 259.439640
210 5.052000 0.991733 261.190800
211 5.076000 0.989256 263.019920
212 5.100000 0.986034 264.648200
213 5.124000 0.982663 266.231480
214 5.148000 0.981995 268.548600
215 5.172000 0.978510 270.096520
216 5.196000 0.976937 272.170760
217 5.220000 0.975752 274.357560
218 5.244000 0.975636 276.853400
219 5.268000 0.974610 279.099480
220 5.292000 0.971544 280.762120
221 5.316000 0.970461 282.998800
222 5.340000 0.971648 285.909000
223 5.364000 0.970271 288.076000
224 5.388000 0.970165 290.628040
225 5.412000 0.969665 293.071640
226 5.436000 0.970127 295.817640
227 5.460000 0.971718 298.924880
228 5.484000 0.971419 301.465760
229 5.508000 0.971749 304.213400
230 5.532000 0.972187 307.008760
231 5.556000 0.971533 309.470040
232 5.580000 0.973114 312.657280
233 5.604000 0.972771 315.241440
234 5.628000 0.974053 318.366440
235 5.652000 0.974816 321.338960
236 5.676000 0.976790 324.730080
237 5.700000 0.977878 327.846840
238 5.724000 0.978967 330.981720
239 5.748000 0.978677 333.664120
240 5.772000 0.979342 336.684720
241 5.796000 0.981531 340.249360
242 5.820000 0.981219 342.964080
243 5.844000 0.981328 345.836640
244 5.868000 0.983090 349.309280
245 5.892000 0.983156 352.195960
246 5.916000 0.984574 355.583280
247 5.940000 0.985443 358.790560
248 5.964000 0.986522 362.091600
249 5.988000 0.985480 364.626200
250 6.012000 0.986031 367.760400
251 6.036000 0.987057 371.088160
252 6.060000 0.987064 374.047960
253 6.084000 0.987526 377.192720
254 6.108000 0.987505 380.166440
255 6.132000 0.988221 383.437600
256 6.156000 0.988634 386.606760
257 6.180000 0.989225 389.860000
258 6.204000 0.989126 392.854680
259 6.228000 0.988386 395.603720
260 6.252000 0.989580 399.140240
261 6.276000 0.990461 402.568640
262 6.300000 0.989802 405.383240
263 6.324000 0.988651 408.003080
264 6.348000 0.991555 412.313320
265 6.372000 0.990440 414.969440
266 6.396000 0.991167 418.408360
267 6.420000 0.991573 421.727040
268 6.444000 0.993978 425.916400
269 6.468000 0.993571 428.919160
270 6.492000 0.993166 431.932200
271 6.516000 0.996173 436.449000
272 6.540000 0.997050 440.057200
273 6.564000 0.997557 443.518000
274 6.588000 0.998359 447.126360
275 6.612000 0.998990 450.675000
276 6.636000 0.999153 454.026760
277 6.660000 1.001017 458.169720
278 6.684000 1.000942 461.443440
279 6.708000 1.001705 465.117280
280 6.732000 1.002520 468.832480
281 6.756000 1.003306 472.551720
282 6.780000 1.005439 476.926560
283 6.804000 1.004862 480.033400
284 6.828000 1.006557 484.241280
285 6.852000 1.006997 487.864640
286 6.876000 1.007135 491.355520
287 6.900000 1.007993 495.213200
288 6.924000 1.008810 499.068280
289 6.948000 1.009870 503.062360
290 6.972000 1.009792 506.504600
291 6.996000 1.011782 511.002800
292 7.020000 1.011053 514.143680
293 7.044000 1.011555 517.922280
294 7.068000 1.011478 521.417840
295 7.092000 1.012257 525.369280
296 7.116000 1.012180 528.891040
297 7.140000 1.011831 532.280920
298 7.164000 1.012242 536.083160
299 7.188000 1.012844 540.001920
300 7.212000 1.012531 543.446000
301 7.236000 1.012979 547.310760
302 7.260000 1.011755 550.281960
303 7.284000 1.010970 553.496160
304 7.308000 1.011736 557.572040
305 7.332000 1.010405 560.501960
306 7.356000 1.010625 564.299720
307 7.380000 1.011031 568.216560
308 7.404000 1.011666 572.277560
309 7.428000 1.012123 576.253360
310 7.452000 1.012941 580.452320
311 7.476000 1.012526 583.957400
312 7.500000 1.012297 587.579800
313 7.524000 1.011958 591.148600
314 7.548000 1.012033 594.970120
315 7.572000 1.011439 598.407960
316 7.596000 1.010211 601.476520
317 7.620000 1.010459 605.431640
318 7.644000 1.010618 609.347280
319 7.668000 1.009979 612.791880
320 7.692000 1.009453 616.312920
321 7.716000 1.010040 620.525560
322 7.740000 1.010228 624.507680
323 7.764000 1.009395 627.868640
324 7.788000 1.008814 631.392840
325 7.812000 1.007678 634.574920
326 7.836000 1.007074 638.097080
327 7.860000 1.007672 642.393200
328 7.884000 1.007122 645.969120
329 7.908000 1.007061 649.868520
330 7.932000 1.006179 653.246960
331 7.956000 1.005490 656.755760
332 7.980000 1.006384 661.311160
333 8.004000 1.005461 664.685200
334 8.028000 1.005513 668.711680
335 8.052000 1.004998 672.371320
336 8.076000 1.004149 675.814440
337 8.100000 1.004196 679.868440
338 8.124000 1.003918 683.714080
339 8.148000 1.002905 687.066160
340 8.172000 1.002648 690.942040
341 8.196000 1.002013 694.566280
342 8.220000 1.001011 697.941440
343 8.244000 1.000333 701.547840
344 8.268000 1.000836 705.993320
345 8.292000 1.000215 709.657200
346 8.316000 1.000255 713.799640
347 8.340000 0.999647 717.489080
348 8.364000 0.999072 721.209640
349 8.388000 0.998799 725.156080
350 8.412000 0.997412 728.299080
351 8.436000 0.997383 732.439040
352 8.460000 0.998019 737.082320
353 8.484000 0.997759 741.077080
354 8.508000 0.997154 744.823800
355 8.532000 0.996734 748.716720
356 8.556000 0.996359 752.651360
357 8.580000 0.996385 756.899600
358 8.604000 0.996439 761.181480
359 8.628000 0.996017 765.109240
360 8.652000 0.996020 769.374240
361 8.676000 0.994775 772.681800
362 8.700000 0.994849 777.019720
363 8.724000 0.995455 781.788920
364 8.748000 0.994484 785.329240
365 8.772000 0.994601 789.737360
366 8.796000 0.995222 794.560680
367 8.820000 0.994028 797.944040
368 8.844000 0.994035 802.297840
369 8.868000 0.994895 807.356280
370 8.892000 0.993978 810.984280
371 8.916000 0.995067 816.260880
372 8.940000 0.994726 820.379800
373 8.964000 0.994105 824.275440
374 8.988000 0.993746 828.396280
375 9.012000 0.995461 834.263560
376 9.036000 0.995014 838.335840
377 9.060000 0.995574 843.269440
378 9.084000 0.995446 847.634040
379 9.108000 0.994671 851.455320
380 9.132000 0.995250 856.447280
381 9.156000 0.995986 861.590960
382 9.180000 0.995596 865.774760
383 9.204000 0.995748 870.440720
384 9.228000 0.996292 875.463720
385 9.252000 0.996479 880.189280
386 9.276000 0.996371 884.665560
387 9.300000 0.995668 888.621800
388 9.324000 0.997237 894.621920
389 9.348000 0.997541 899.507120
390 9.372000 0.996884 903.536320
391 9.396000 0.997175 908.435440
392 9.420000 0.996987 912.909560
393 9.444000 0.998537 918.993520
394 9.468000 0.998926 924.031040
395 9.492000 0.998618 928.434320
396 9.516000 0.998579 933.099320
397 9.540000 1.000117 939.256440
398 9.564000 1.000866 944.695200
399 9.588000 1.000450 949.047920
400 9.612000 1.001279 954.595160
401 9.636000 1.001638 959.712120
402 9.660000 1.001408 964.277120
403 9.684000 1.000801 968.487320
404 9.708000 1.002195 974.648920
405 9.732000 1.002037 979.319640
406 9.756000 1.001553 983.680280
407 9.780000 1.001612 988.584040
408 9.804000 1.001709 993.538920
409 9.828000 1.002015 998.713480
410 9.852000 1.002004 1003.586440
411 9.876000 1.002358 1008.838720
412 9.900000 1.001490 1012.869360
413 9.924000 1.002220 1018.528000
414 9.948000 1.002094 1023.331760
415 9.972000 1.002138 1028.321120
416 9.996000 1.002257 1033.399360
417 10.020000 1.002275 1038.386480
418 10.044000 1.002726 1043.835440
419 10.068000 1.002510 1048.604000
420 10.092000 1.001949 1053.020440
421 10.116000 1.002297 1058.401640
422 10.140000 1.002573 1063.722840
423 10.164000 1.002385 1068.563440
424 10.188000 1.002725 1073.979760
425 10.212000 1.002491 1078.794120
426 10.236000 1.001898 1083.229360
427 10.260000 1.002186 1088.628120
428 10.284000 1.002430 1093.993120
429 10.308000 1.001435 1098.015080
430 10.332000 1.001911 1103.657920
431 10.356000 1.002565 1109.514720
432 10.380000 1.002287 1114.354640
433 10.404000 1.002765 1120.047560
434 10.428000 1.002193 1124.579320
435 10.452000 1.001901 1129.431640
436 10.476000 1.002543 1135.352440
437 10.500000 1.002081 1140.034320
438 10.524000 1.002143 1145.323000
439 10.548000 1.002648 1151.132640
440 10.572000 1.001569 1155.132320
441 10.596000 1.001560 1160.371960
442 10.620000 1.002076 1166.235760
443 10.644000 1.002711 1172.255360
444 10.668000 1.001799 1176.476360
445 10.692000 1.002235 1182.290440
446 10.716000 1.001618 1186.872480
447 10.740000 1.001969 1192.612160
448 10.764000 1.002429 1198.498520
449 10.788000 1.002198 1203.571520
450 10.812000 1.001934 1208.614160
451 10.836000 1.001979 1214.040920
452 10.860000 1.002290 1219.802920
453 10.884000 1.002221 1225.115280
454 10.908000 1.002526 1230.898720
455 10.932000 1.002411 1236.180120
456 10.956000 1.002686 1241.954160
457 10.980000 1.002139 1246.720400
458 11.004000 1.001840 1251.803680
459 11.028000 1.002507 1258.106320
460 11.052000 1.002780 1263.932840
461 11.076000 1.002104 1268.572440
462 11.100000 1.002196 1274.192960
463 11.124000 1.002438 1280.018400
464 11.148000 1.002379 1285.471920
465 11.172000 1.002611 1291.310760
466 11.196000 1.002598 1296.848160
467 11.220000 1.002592 1302.406240
468 11.244000 1.001580 1306.664160
469 11.268000 1.001693 1312.396120
470 11.292000 1.003484 1320.348800
471 11.316000 1.002773 1325.027600
472 11.340000 1.001818 1329.387000
473 11.364000 1.002735 1336.241880
474 11.388000 1.002240 1341.229200
475 11.412000 1.001951 1346.500600
476 11.436000 1.002522 1352.940520
477 11.460000 1.002336 1358.373040
478 11.484000 1.001694 1363.195480
479 11.508000 1.001980 1369.289480
480 11.532000 1.002485 1375.699960
481 11.556000 1.001951 1380.696160
482 11.580000 1.002366 1387.011800
483 11.604000 1.002003 1392.261760
484 11.628000 1.002007 1398.032320
485 11.652000 1.002305 1404.226840
486 11.676000 1.002421 1410.181000
487 11.700000 1.001724 1415.000000
488 11.724000 1.001983 1421.178440
489 11.748000 1.002266 1427.405200
490 11.772000 1.002345 1433.356720
491 11.796000 1.001970 1438.668880
492 11.820000 1.001664 1444.088360
493 11.844000 1.001698 1450.007000
494 11.868000 1.001296 1455.305880
495 11.892000 1.001200 1461.057440
496 11.916000 1.001487 1467.380760
497 11.940000 1.000833 1472.335320
498 11.964000 1.000693 1478.053920
499 11.988000 1.000457 1483.639640
