0.0005 3.84292e-06 3.84501e-06 3.84026e-06 3.84348e-06 (count: 9.95e+07)
0.001 1.53716e-05 1.538e-05 1.5361e-05 1.53738e-05 (count: 9.94999e+07)
0.0015 3.45859e-05 3.46048e-05 3.4562e-05 3.4591e-05 (count: 9.94998e+07)
0.002 6.14856e-05 6.15191e-05 6.14431e-05 6.14945e-05 (count: 9.94997e+07)
0.0025 9.60702e-05 9.61227e-05 9.60039e-05 9.60842e-05 (count: 9.94996e+07)
0.003 0.000138339 0.000138415 0.000138244 0.000138359 (count: 9.94995e+07)
0.0035 0.000188292 0.000188395 0.000188162 0.00018832 (count: 9.94994e+07)
0.004 0.000245929 0.000246063 0.000245759 0.000245964 (count: 9.94993e+07)
0.0045 0.000311247 0.000311417 0.000311032 0.000311292 (count: 9.94992e+07)
0.005 0.000384247 0.000384457 0.000383982 0.000384303 (count: 9.94991e+07)
0.0055 0.000464928 0.000465182 0.000464607 0.000464995 (count: 9.9499e+07)
0.006 0.000553288 0.00055359 0.000552906 0.000553368 (count: 9.94989e+07)
0.0065 0.000649326 0.000649681 0.000648877 0.00064942 (count: 9.94988e+07)
0.007 0.000753041 0.000753453 0.00075252 0.000753149 (count: 9.94987e+07)
0.0075 0.000864431 0.000864904 0.000863833 0.000864555 (count: 9.94986e+07)
0.008 0.000983495 0.000984033 0.000982815 0.000983636 (count: 9.94985e+07)
0.0085 0.00111023 0.00111084 0.00110946 0.00111039 (count: 9.94984e+07)
0.009 0.00124464 0.00124532 0.00124378 0.00124482 (count: 9.94983e+07)
0.0095 0.00138671 0.00138747 0.00138575 0.00138691 (count: 9.94982e+07)
0.01 0.00153645 0.0015373 0.00153539 0.00153667 (count: 9.94981e+07)
0.0105 0.00169386 0.00169479 0.00169269 0.0016941 (count: 9.9498e+07)
0.011 0.00185893 0.00185995 0.00185764 0.00185919 (count: 9.94979e+07)
0.0115 0.00203165 0.00203277 0.00203025 0.00203195 (count: 9.94978e+07)
0.012 0.00221204 0.00221326 0.00221051 0.00221236 (count: 9.94977e+07)
0.0125 0.00240009 0.0024014 0.00239842 0.00240044 (count: 3.9799e+06)
0.025 0.00957971 0.0095851 0.00957297 0.00958106 (count: 3.9798e+06)
0.0375 0.0214793 0.0214918 0.0214638 0.0214821 (count: 3.9797e+06)
0.05 0.0380063 0.0380296 0.0379783 0.0380109 (count: 3.9796e+06)
0.0625 0.0590433 0.0590817 0.0589986 0.0590497 (count: 3.9795e+06)
0.075 0.0844561 0.0845143 0.0843901 0.0844638 (count: 3.9794e+06)
0.0875 0.1141 0.114184 0.114008 0.114108 (count: 3.9793e+06)
0.1 0.147827 0.147942 0.147704 0.147834 (count: 3.9792e+06)
0.1125 0.185486 0.185639 0.185329 0.185491 (count: 3.9791e+06)
0.125 0.226933 0.22713 0.226735 0.226933 (count: 3.979e+06)
0.1375 0.272023 0.272273 0.271781 0.272016 (count: 3.9789e+06)
0.15 0.320621 0.320931 0.32033 0.320602 (count: 3.9788e+06)
0.1625 0.372595 0.372973 0.372251 0.372562 (count: 3.9787e+06)
0.175 0.427822 0.428277 0.42742 0.427769 (count: 3.9786e+06)
0.1875 0.486184 0.486725 0.485719 0.486107 (count: 3.9785e+06)
0.2 0.547569 0.548206 0.547038 0.547462 (count: 3.9784e+06)
0.2125 0.611872 0.612617 0.61127 0.611729 (count: 3.9783e+06)
0.225 0.678994 0.679858 0.678317 0.678808 (count: 3.9782e+06)
0.2375 0.748842 0.749837 0.748084 0.748604 (count: 3.9781e+06)
0.25 0.821325 0.822466 0.820481 0.821028 (count: 3.978e+06)
0.2625 0.89636 0.897662 0.895424 0.895994 (count: 3.9779e+06)
0.275 0.973867 0.975346 0.972832 0.973423 (count: 3.9778e+06)
0.2875 1.05377 1.05544 1.05263 1.05324 (count: 3.9777e+06)
0.3 1.136 1.13789 1.13474 1.13537 (count: 3.9776e+06)
0.3125 1.2204 1.22148 1.21938 1.22033 (count: 159100)
0.625 3.91388 3.92786 3.90607 3.90771 (count: 159000)
0.9375 7.35327 7.38972 7.33504 7.33507 (count: 158900)
1.25 11.2028 11.2661 11.1747 11.1675 (count: 158800)
1.5625 15.2792 15.3796 15.2362 15.2219 (count: 158700)
1.875 19.4826 19.6271 19.4225 19.3981 (count: 158600)
2.1875 23.7601 23.9548 23.6846 23.6408 (count: 158500)
2.5 28.0842 28.3329 27.999 27.9208 (count: 158400)
2.8125 32.4383 32.7484 32.3458 32.2206 (count: 158300)
3.125 36.8101 37.1885 36.709 36.5328 (count: 158200)
3.4375 41.1946 41.6455 41.083 40.8554 (count: 158100)
3.75 45.594 46.1202 45.4729 45.1891 (count: 158000)
4.0625 50.0046 50.6049 49.8724 49.5365 (count: 157900)
4.375 54.4201 55.0969 54.2732 53.8901 (count: 157800)
4.6875 58.8419 59.5935 58.6792 58.253 (count: 157700)
5 63.2721 64.0981 63.0918 62.6265 (count: 157600)
5.3125 67.708 68.6126 67.509 67.0024 (count: 157500)
5.625 72.1458 73.1369 71.928 71.3725 (count: 157400)
5.9375 76.5854 77.6801 76.3509 75.7252 (count: 157300)
6.25 81.0276 82.2451 80.7781 80.0597 (count: 157200)
6.5625 85.4717 86.8322 85.2065 84.3763 (count: 157100)
6.875 89.9205 91.4373 89.6413 88.6829 (count: 157000)
7.1875 94.3749 96.0546 94.0844 92.9856 (count: 156900)
7.5 98.8344 100.68 98.5398 97.2831 (count: 156800)
7.8125 103.763 104.015 104.488 102.784 (count: 6200)
15.625 215.395 219.453 217.066 209.666 (count: 6100)
23.4375 327.379 334.229 327.167 320.741 (count: 6000)
31.25 435.296 446.365 431.989 427.534 (count: 5900)
39.0625 540.012 554.683 536.779 528.574 (count: 5800)
46.875 645.868 666.079 640.703 630.821 (count: 5700)
54.6875 751.897 775.266 749.629 730.795 (count: 5600)
62.5 860.182 883.396 864.996 832.153 (count: 5500)
70.3125 969.515 996.39 979.872 932.283 (count: 5400)
78.125 1080.77 1111.34 1097.9 1033.07 (count: 5300)
85.9375 1190.8 1223.54 1212.87 1135.99 (count: 5200)
93.75 1302.55 1340.63 1330.18 1236.83 (count: 5100)
101.562 1416.35 1458.35 1452.02 1338.67 (count: 5000)
109.375 1532.69 1578.67 1576.84 1442.57 (count: 4900)
117.188 1646.31 1694.73 1702.17 1542.03 (count: 4800)
125 1757.2 1814.01 1822.39 1635.2 (count: 4700)
132.812 1866.45 1934.31 1940.22 1724.83 (count: 4600)
140.625 1979.97 2057.44 2063.1 1819.36 (count: 4500)
148.438 2096.1 2182.1 2184.7 1921.49 (count: 4400)
156.25 2209.28 2302.86 2300.65 2024.33 (count: 4300)
164.062 2326.38 2425.6 2421.9 2131.64 (count: 4200)
171.875 2436.8 2539.37 2542.19 2228.83 (count: 4100)
179.688 2541.36 2641.1 2662.16 2320.81 (count: 4000)
187.5 2646.08 2736.52 2786.15 2415.58 (count: 3900)
195.312 2614.48 2755.55 2844.24 2243.65 (count: 100)
