NaX
UNITS Kelvin
MOLECULES 1
NaX
NUMMOL 1
ATOMS 576
Si1       28.085499     0.000000   1        1
Si1       28.085499     0.000000   1        1
O1        15.999405     0.000000   1        1
O2        15.999405     0.000000   1        1
O3        15.999405     0.000000   1        1
O4        15.999405     0.000000   1        1
Si1       28.085499     0.000000   1        1
Al1       26.981539     0.000000   1        1
Oa1       15.999405     0.000000   1        1
Oa2       15.999405     0.000000   1        1
Oa3       15.999405     0.000000   1        1
Oa4       15.999405     0.000000   1        1
Si1       28.085499     0.000000   1        1
Al1       26.981539     0.000000   1        1
Oa1       15.999405     0.000000   1        1
Oa2       15.999405     0.000000   1        1
Oa3       15.999405     0.000000   1        1
Oa4       15.999405     0.000000   1        1
Si1       28.085499     0.000000   1        1
Al1       26.981539     0.000000   1        1
Oa1       15.999405     0.000000   1        1
Oa2       15.999405     0.000000   1        1
Oa3       15.999405     0.000000   1        1
Oa4       15.999405     0.000000   1        1
Si1       28.085499     0.000000   1        1
Al1       26.981539     0.000000   1        1
Oa1       15.999405     0.000000   1        1
Oa2       15.999405     0.000000   1        1
Oa3       15.999405     0.000000   1        1
Oa4       15.999405     0.000000   1        1
Si1       28.085499     0.000000   1        1
Al1       26.981539     0.000000   1        1
Oa1       15.999405     0.000000   1        1
Oa2       15.999405     0.000000   1        1
Oa3       15.999405     0.000000   1        1
Oa4       15.999405     0.000000   1        1
Si1       28.085499     0.000000   1        1
Si1       28.085499     0.000000   1        1
O1        15.999405     0.000000   1        1
O2        15.999405     0.000000   1        1
O3        15.999405     0.000000   1        1
O4        15.999405     0.000000   1        1
Si1       28.085499     0.000000   1        1
Al1       26.981539     0.000000   1        1
Oa1       15.999405     0.000000   1        1
Oa2       15.999405     0.000000   1        1
Oa3       15.999405     0.000000   1        1
Oa4       15.999405     0.000000   1        1
Si1       28.085499     0.000000   1        1
Al1       26.981539     0.000000   1        1
Oa1       15.999405     0.000000   1        1
Oa2       15.999405     0.000000   1        1
Oa3       15.999405     0.000000   1        1
Oa4       15.999405     0.000000   1        1
Si1       28.085499     0.000000   1        1
Si1       28.085499     0.000000   1        1
O1        15.999405     0.000000   1        1
O2        15.999405     0.000000   1        1
O3        15.999405     0.000000   1        1
O4        15.999405     0.000000   1        1
Si1       28.085499     0.000000   1        1
Al1       26.981539     0.000000   1        1
Oa1       15.999405     0.000000   1        1
Oa2       15.999405     0.000000   1        1
Oa3       15.999405     0.000000   1        1
Oa4       15.999405     0.000000   1        1
Si1       28.085499     0.000000   1        1
Al1       26.981539     0.000000   1        1
Oa1       15.999405     0.000000   1        1
Oa2       15.999405     0.000000   1        1
Oa3       15.999405     0.000000   1        1
Oa4       15.999405     0.000000   1        1
Si1       28.085499     0.000000   1        1
Al1       26.981539     0.000000   1        1
Oa1       15.999405     0.000000   1        1
Oa2       15.999405     0.000000   1        1
Oa3       15.999405     0.000000   1        1
Oa4       15.999405     0.000000   1        1
Si1       28.085499     0.000000   1        1
Al1       26.981539     0.000000   1        1
Oa1       15.999405     0.000000   1        1
Oa2       15.999405     0.000000   1        1
Oa3       15.999405     0.000000   1        1
Oa4       15.999405     0.000000   1        1
Si1       28.085499     0.000000   1        1
Si1       28.085499     0.000000   1        1
O1        15.999405     0.000000   1        1
O2        15.999405     0.000000   1        1
O3        15.999405     0.000000   1        1
O4        15.999405     0.000000   1        1
Si1       28.085499     0.000000   1        1
Si1       28.085499     0.000000   1        1
O1        15.999405     0.000000   1        1
O2        15.999405     0.000000   1        1
O3        15.999405     0.000000   1        1
O4        15.999405     0.000000   1        1
Si1       28.085499     0.000000   1        1
Si1       28.085499     0.000000   1        1
O1        15.999405     0.000000   1        1
O2        15.999405     0.000000   1        1
O3        15.999405     0.000000   1        1
O4        15.999405     0.000000   1        1
Si1       28.085499     0.000000   1        1
Al1       26.981539     0.000000   1        1
Oa1       15.999405     0.000000   1        1
Oa2       15.999405     0.000000   1        1
Oa3       15.999405     0.000000   1        1
Oa4       15.999405     0.000000   1        1
Si1       28.085499     0.000000   1        1
Al1       26.981539     0.000000   1        1
Oa1       15.999405     0.000000   1        1
Oa2       15.999405     0.000000   1        1
Oa3       15.999405     0.000000   1        1
Oa4       15.999405     0.000000   1        1
Si1       28.085499     0.000000   1        1
Al1       26.981539     0.000000   1        1
Oa1       15.999405     0.000000   1        1
Oa2       15.999405     0.000000   1        1
Oa3       15.999405     0.000000   1        1
Oa4       15.999405     0.000000   1        1
Si1       28.085499     0.000000   1        1
Al1       26.981539     0.000000   1        1
Oa1       15.999405     0.000000   1        1
Oa2       15.999405     0.000000   1        1
Oa3       15.999405     0.000000   1        1
Oa4       15.999405     0.000000   1        1
Si1       28.085499     0.000000   1        1
Al1       26.981539     0.000000   1        1
Oa1       15.999405     0.000000   1        1
Oa2       15.999405     0.000000   1        1
Oa3       15.999405     0.000000   1        1
Oa4       15.999405     0.000000   1        1
Si1       28.085499     0.000000   1        1
Al1       26.981539     0.000000   1        1
Oa1       15.999405     0.000000   1        1
Oa2       15.999405     0.000000   1        1
Oa3       15.999405     0.000000   1        1
Oa4       15.999405     0.000000   1        1
Si1       28.085499     0.000000   1        1
Si1       28.085499     0.000000   1        1
O1        15.999405     0.000000   1        1
O2        15.999405     0.000000   1        1
O3        15.999405     0.000000   1        1
O4        15.999405     0.000000   1        1
Si1       28.085499     0.000000   1        1
Al1       26.981539     0.000000   1        1
Oa1       15.999405     0.000000   1        1
Oa2       15.999405     0.000000   1        1
Oa3       15.999405     0.000000   1        1
Oa4       15.999405     0.000000   1        1
Si1       28.085499     0.000000   1        1
Al1       26.981539     0.000000   1        1
Oa1       15.999405     0.000000   1        1
Oa2       15.999405     0.000000   1        1
Oa3       15.999405     0.000000   1        1
Oa4       15.999405     0.000000   1        1
Si1       28.085499     0.000000   1        1
Si1       28.085499     0.000000   1        1
O1        15.999405     0.000000   1        1
O2        15.999405     0.000000   1        1
O3        15.999405     0.000000   1        1
O4        15.999405     0.000000   1        1
Si1       28.085499     0.000000   1        1
Al1       26.981539     0.000000   1        1
Oa1       15.999405     0.000000   1        1
Oa2       15.999405     0.000000   1        1
Oa3       15.999405     0.000000   1        1
Oa4       15.999405     0.000000   1        1
Si1       28.085499     0.000000   1        1
Al1       26.981539     0.000000   1        1
Oa1       15.999405     0.000000   1        1
Oa2       15.999405     0.000000   1        1
Oa3       15.999405     0.000000   1        1
Oa4       15.999405     0.000000   1        1
Si1       28.085499     0.000000   1        1
Al1       26.981539     0.000000   1        1
Oa1       15.999405     0.000000   1        1
Oa2       15.999405     0.000000   1        1
Oa3       15.999405     0.000000   1        1
Oa4       15.999405     0.000000   1        1
Si1       28.085499     0.000000   1        1
Al1       26.981539     0.000000   1        1
Oa1       15.999405     0.000000   1        1
Oa2       15.999405     0.000000   1        1
Oa3       15.999405     0.000000   1        1
Oa4       15.999405     0.000000   1        1
Si1       28.085499     0.000000   1        1
Al1       26.981539     0.000000   1        1
Oa1       15.999405     0.000000   1        1
Oa2       15.999405     0.000000   1        1
Oa3       15.999405     0.000000   1        1
Oa4       15.999405     0.000000   1        1
Si1       28.085499     0.000000   1        1
Si1       28.085499     0.000000   1        1
O1        15.999405     0.000000   1        1
O2        15.999405     0.000000   1        1
O3        15.999405     0.000000   1        1
O4        15.999405     0.000000   1        1
Si1       28.085499     0.000000   1        1
Si1       28.085499     0.000000   1        1
O1        15.999405     0.000000   1        1
O2        15.999405     0.000000   1        1
O3        15.999405     0.000000   1        1
O4        15.999405     0.000000   1        1
Si1       28.085499     0.000000   1        1
Si1       28.085499     0.000000   1        1
O1        15.999405     0.000000   1        1
O2        15.999405     0.000000   1        1
O3        15.999405     0.000000   1        1
O4        15.999405     0.000000   1        1
Si1       28.085499     0.000000   1        1
Si1       28.085499     0.000000   1        1
O1        15.999405     0.000000   1        1
O2        15.999405     0.000000   1        1
O3        15.999405     0.000000   1        1
O4        15.999405     0.000000   1        1
Si1       28.085499     0.000000   1        1
Si1       28.085499     0.000000   1        1
O1        15.999405     0.000000   1        1
O2        15.999405     0.000000   1        1
O3        15.999405     0.000000   1        1
O4        15.999405     0.000000   1        1
Si1       28.085499     0.000000   1        1
Al1       26.981539     0.000000   1        1
Oa1       15.999405     0.000000   1        1
Oa2       15.999405     0.000000   1        1
Oa3       15.999405     0.000000   1        1
Oa4       15.999405     0.000000   1        1
Si1       28.085499     0.000000   1        1
Si1       28.085499     0.000000   1        1
O1        15.999405     0.000000   1        1
O2        15.999405     0.000000   1        1
O3        15.999405     0.000000   1        1
O4        15.999405     0.000000   1        1
Si1       28.085499     0.000000   1        1
Al1       26.981539     0.000000   1        1
Oa1       15.999405     0.000000   1        1
Oa2       15.999405     0.000000   1        1
Oa3       15.999405     0.000000   1        1
Oa4       15.999405     0.000000   1        1
Si1       28.085499     0.000000   1        1
Al1       26.981539     0.000000   1        1
Oa1       15.999405     0.000000   1        1
Oa2       15.999405     0.000000   1        1
Oa3       15.999405     0.000000   1        1
Oa4       15.999405     0.000000   1        1
Si1       28.085499     0.000000   1        1
Al1       26.981539     0.000000   1        1
Oa1       15.999405     0.000000   1        1
Oa2       15.999405     0.000000   1        1
Oa3       15.999405     0.000000   1        1
Oa4       15.999405     0.000000   1        1
Si1       28.085499     0.000000   1        1
Si1       28.085499     0.000000   1        1
O1        15.999405     0.000000   1        1
O2        15.999405     0.000000   1        1
O3        15.999405     0.000000   1        1
O4        15.999405     0.000000   1        1
Si1       28.085499     0.000000   1        1
Al1       26.981539     0.000000   1        1
Oa1       15.999405     0.000000   1        1
Oa2       15.999405     0.000000   1        1
Oa3       15.999405     0.000000   1        1
Oa4       15.999405     0.000000   1        1
Si1       28.085499     0.000000   1        1
Al1       26.981539     0.000000   1        1
Oa1       15.999405     0.000000   1        1
Oa2       15.999405     0.000000   1        1
Oa3       15.999405     0.000000   1        1
Oa4       15.999405     0.000000   1        1
Si1       28.085499     0.000000   1        1
Al1       26.981539     0.000000   1        1
Oa1       15.999405     0.000000   1        1
Oa2       15.999405     0.000000   1        1
Oa3       15.999405     0.000000   1        1
Oa4       15.999405     0.000000   1        1
Si1       28.085499     0.000000   1        1
Al1       26.981539     0.000000   1        1
Oa1       15.999405     0.000000   1        1
Oa2       15.999405     0.000000   1        1
Oa3       15.999405     0.000000   1        1
Oa4       15.999405     0.000000   1        1
Si1       28.085499     0.000000   1        1
Si1       28.085499     0.000000   1        1
O1        15.999405     0.000000   1        1
O2        15.999405     0.000000   1        1
O3        15.999405     0.000000   1        1
O4        15.999405     0.000000   1        1
Si1       28.085499     0.000000   1        1
Si1       28.085499     0.000000   1        1
O1        15.999405     0.000000   1        1
O2        15.999405     0.000000   1        1
O3        15.999405     0.000000   1        1
O4        15.999405     0.000000   1        1
Si1       28.085499     0.000000   1        1
Si1       28.085499     0.000000   1        1
O1        15.999405     0.000000   1        1
O2        15.999405     0.000000   1        1
O3        15.999405     0.000000   1        1
O4        15.999405     0.000000   1        1
Si1       28.085499     0.000000   1        1
Al1       26.981539     0.000000   1        1
Oa1       15.999405     0.000000   1        1
Oa2       15.999405     0.000000   1        1
Oa3       15.999405     0.000000   1        1
Oa4       15.999405     0.000000   1        1
Si1       28.085499     0.000000   1        1
Si1       28.085499     0.000000   1        1
O1        15.999405     0.000000   1        1
O2        15.999405     0.000000   1        1
O3        15.999405     0.000000   1        1
O4        15.999405     0.000000   1        1
Si1       28.085499     0.000000   1        1
Al1       26.981539     0.000000   1        1
Oa1       15.999405     0.000000   1        1
Oa2       15.999405     0.000000   1        1
Oa3       15.999405     0.000000   1        1
Oa4       15.999405     0.000000   1        1
Si1       28.085499     0.000000   1        1
Si1       28.085499     0.000000   1        1
O1        15.999405     0.000000   1        1
O2        15.999405     0.000000   1        1
O3        15.999405     0.000000   1        1
O4        15.999405     0.000000   1        1
Si1       28.085499     0.000000   1        1
Si1       28.085499     0.000000   1        1
O1        15.999405     0.000000   1        1
O2        15.999405     0.000000   1        1
O3        15.999405     0.000000   1        1
O4        15.999405     0.000000   1        1
Si1       28.085499     0.000000   1        1
Si1       28.085499     0.000000   1        1
O1        15.999405     0.000000   1        1
O2        15.999405     0.000000   1        1
O3        15.999405     0.000000   1        1
O4        15.999405     0.000000   1        1
Si1       28.085499     0.000000   1        1
Al1       26.981539     0.000000   1        1
Oa1       15.999405     0.000000   1        1
Oa2       15.999405     0.000000   1        1
Oa3       15.999405     0.000000   1        1
Oa4       15.999405     0.000000   1        1
Si1       28.085499     0.000000   1        1
Si1       28.085499     0.000000   1        1
O1        15.999405     0.000000   1        1
O2        15.999405     0.000000   1        1
O3        15.999405     0.000000   1        1
O4        15.999405     0.000000   1        1
Si1       28.085499     0.000000   1        1
Si1       28.085499     0.000000   1        1
O1        15.999405     0.000000   1        1
O2        15.999405     0.000000   1        1
O3        15.999405     0.000000   1        1
O4        15.999405     0.000000   1        1
Si1       28.085499     0.000000   1        1
Al1       26.981539     0.000000   1        1
Oa1       15.999405     0.000000   1        1
Oa2       15.999405     0.000000   1        1
Oa3       15.999405     0.000000   1        1
Oa4       15.999405     0.000000   1        1
Si1       28.085499     0.000000   1        1
Al1       26.981539     0.000000   1        1
Oa1       15.999405     0.000000   1        1
Oa2       15.999405     0.000000   1        1
Oa3       15.999405     0.000000   1        1
Oa4       15.999405     0.000000   1        1
Si1       28.085499     0.000000   1        1
Al1       26.981539     0.000000   1        1
Oa1       15.999405     0.000000   1        1
Oa2       15.999405     0.000000   1        1
Oa3       15.999405     0.000000   1        1
Oa4       15.999405     0.000000   1        1
Si1       28.085499     0.000000   1        1
Si1       28.085499     0.000000   1        1
O1        15.999405     0.000000   1        1
O2        15.999405     0.000000   1        1
O3        15.999405     0.000000   1        1
O4        15.999405     0.000000   1        1
Si1       28.085499     0.000000   1        1
Si1       28.085499     0.000000   1        1
O1        15.999405     0.000000   1        1
O2        15.999405     0.000000   1        1
O3        15.999405     0.000000   1        1
O4        15.999405     0.000000   1        1
Si1       28.085499     0.000000   1        1
Si1       28.085499     0.000000   1        1
O1        15.999405     0.000000   1        1
O2        15.999405     0.000000   1        1
O3        15.999405     0.000000   1        1
O4        15.999405     0.000000   1        1
Si1       28.085499     0.000000   1        1
Al1       26.981539     0.000000   1        1
Oa1       15.999405     0.000000   1        1
Oa2       15.999405     0.000000   1        1
Oa3       15.999405     0.000000   1        1
Oa4       15.999405     0.000000   1        1
Si1       28.085499     0.000000   1        1
Al1       26.981539     0.000000   1        1
Oa1       15.999405     0.000000   1        1
Oa2       15.999405     0.000000   1        1
Oa3       15.999405     0.000000   1        1
Oa4       15.999405     0.000000   1        1
Si1       28.085499     0.000000   1        1
Al1       26.981539     0.000000   1        1
Oa1       15.999405     0.000000   1        1
Oa2       15.999405     0.000000   1        1
Oa3       15.999405     0.000000   1        1
Oa4       15.999405     0.000000   1        1
Si1       28.085499     0.000000   1        1
Si1       28.085499     0.000000   1        1
O1        15.999405     0.000000   1        1
O2        15.999405     0.000000   1        1
O3        15.999405     0.000000   1        1
O4        15.999405     0.000000   1        1
Si1       28.085499     0.000000   1        1
Si1       28.085499     0.000000   1        1
O1        15.999405     0.000000   1        1
O2        15.999405     0.000000   1        1
O3        15.999405     0.000000   1        1
O4        15.999405     0.000000   1        1
Si1       28.085499     0.000000   1        1
Si1       28.085499     0.000000   1        1
O1        15.999405     0.000000   1        1
O2        15.999405     0.000000   1        1
O3        15.999405     0.000000   1        1
O4        15.999405     0.000000   1        1
Si1       28.085499     0.000000   1        1
Al1       26.981539     0.000000   1        1
Oa1       15.999405     0.000000   1        1
Oa2       15.999405     0.000000   1        1
Oa3       15.999405     0.000000   1        1
Oa4       15.999405     0.000000   1        1
Si1       28.085499     0.000000   1        1
Al1       26.981539     0.000000   1        1
Oa1       15.999405     0.000000   1        1
Oa2       15.999405     0.000000   1        1
Oa3       15.999405     0.000000   1        1
Oa4       15.999405     0.000000   1        1
Si1       28.085499     0.000000   1        1
Si1       28.085499     0.000000   1        1
O1        15.999405     0.000000   1        1
O2        15.999405     0.000000   1        1
O3        15.999405     0.000000   1        1
O4        15.999405     0.000000   1        1
Si1       28.085499     0.000000   1        1
Al1       26.981539     0.000000   1        1
Oa1       15.999405     0.000000   1        1
Oa2       15.999405     0.000000   1        1
Oa3       15.999405     0.000000   1        1
Oa4       15.999405     0.000000   1        1
Si1       28.085499     0.000000   1        1
Si1       28.085499     0.000000   1        1
O1        15.999405     0.000000   1        1
O2        15.999405     0.000000   1        1
O3        15.999405     0.000000   1        1
O4        15.999405     0.000000   1        1
Si1       28.085499     0.000000   1        1
Al1       26.981539     0.000000   1        1
Oa1       15.999405     0.000000   1        1
Oa2       15.999405     0.000000   1        1
Oa3       15.999405     0.000000   1        1
Oa4       15.999405     0.000000   1        1
Si1       28.085499     0.000000   1        1
Si1       28.085499     0.000000   1        1
O1        15.999405     0.000000   1        1
O2        15.999405     0.000000   1        1
O3        15.999405     0.000000   1        1
O4        15.999405     0.000000   1        1
Si1       28.085499     0.000000   1        1
Al1       26.981539     0.000000   1        1
Oa1       15.999405     0.000000   1        1
Oa2       15.999405     0.000000   1        1
Oa3       15.999405     0.000000   1        1
Oa4       15.999405     0.000000   1        1
Si1       28.085499     0.000000   1        1
Al1       26.981539     0.000000   1        1
Oa1       15.999405     0.000000   1        1
Oa2       15.999405     0.000000   1        1
Oa3       15.999405     0.000000   1        1
Oa4       15.999405     0.000000   1        1
Si1       28.085499     0.000000   1        1
Si1       28.085499     0.000000   1        1
O1        15.999405     0.000000   1        1
O2        15.999405     0.000000   1        1
O3        15.999405     0.000000   1        1
O4        15.999405     0.000000   1        1
Si1       28.085499     0.000000   1        1
Al1       26.981539     0.000000   1        1
Oa1       15.999405     0.000000   1        1
Oa2       15.999405     0.000000   1        1
Oa3       15.999405     0.000000   1        1
Oa4       15.999405     0.000000   1        1
Si1       28.085499     0.000000   1        1
Al1       26.981539     0.000000   1        1
Oa1       15.999405     0.000000   1        1
Oa2       15.999405     0.000000   1        1
Oa3       15.999405     0.000000   1        1
Oa4       15.999405     0.000000   1        1
Si1       28.085499     0.000000   1        1
Si1       28.085499     0.000000   1        1
O1        15.999405     0.000000   1        1
O2        15.999405     0.000000   1        1
O3        15.999405     0.000000   1        1
O4        15.999405     0.000000   1        1
Si1       28.085499     0.000000   1        1
Al1       26.981539     0.000000   1        1
Oa1       15.999405     0.000000   1        1
Oa2       15.999405     0.000000   1        1
Oa3       15.999405     0.000000   1        1
Oa4       15.999405     0.000000   1        1
Si1       28.085499     0.000000   1        1
Al1       26.981539     0.000000   1        1
Oa1       15.999405     0.000000   1        1
Oa2       15.999405     0.000000   1        1
Oa3       15.999405     0.000000   1        1
Oa4       15.999405     0.000000   1        1
Si1       28.085499     0.000000   1        1
Al1       26.981539     0.000000   1        1
Oa1       15.999405     0.000000   1        1
Oa2       15.999405     0.000000   1        1
Oa3       15.999405     0.000000   1        1
Oa4       15.999405     0.000000   1        1
Si1       28.085499     0.000000   1        1
Al1       26.981539     0.000000   1        1
Oa1       15.999405     0.000000   1        1
Oa2       15.999405     0.000000   1        1
Oa3       15.999405     0.000000   1        1
Oa4       15.999405     0.000000   1        1
Si1       28.085499     0.000000   1        1
Al1       26.981539     0.000000   1        1
Oa1       15.999405     0.000000   1        1
Oa2       15.999405     0.000000   1        1
Oa3       15.999405     0.000000   1        1
Oa4       15.999405     0.000000   1        1
Si1       28.085499     0.000000   1        1
Al1       26.981539     0.000000   1        1
Oa1       15.999405     0.000000   1        1
Oa2       15.999405     0.000000   1        1
Oa3       15.999405     0.000000   1        1
Oa4       15.999405     0.000000   1        1
Si1       28.085499     0.000000   1        1
Al1       26.981539     0.000000   1        1
Oa1       15.999405     0.000000   1        1
Oa2       15.999405     0.000000   1        1
Oa3       15.999405     0.000000   1        1
Oa4       15.999405     0.000000   1        1
Si1       28.085499     0.000000   1        1
Al1       26.981539     0.000000   1        1
Oa1       15.999405     0.000000   1        1
Oa2       15.999405     0.000000   1        1
Oa3       15.999405     0.000000   1        1
Oa4       15.999405     0.000000   1        1
Si1       28.085499     0.000000   1        1
Si1       28.085499     0.000000   1        1
O1        15.999405     0.000000   1        1
O2        15.999405     0.000000   1        1
O3        15.999405     0.000000   1        1
O4        15.999405     0.000000   1        1
Si1       28.085499     0.000000   1        1
Si1       28.085499     0.000000   1        1
O1        15.999405     0.000000   1        1
O2        15.999405     0.000000   1        1
O3        15.999405     0.000000   1        1
O4        15.999405     0.000000   1        1
Si1       28.085499     0.000000   1        1
Si1       28.085499     0.000000   1        1
O1        15.999405     0.000000   1        1
O2        15.999405     0.000000   1        1
O3        15.999405     0.000000   1        1
O4        15.999405     0.000000   1        1
Si1       28.085499     0.000000   1        1
Al1       26.981539     0.000000   1        1
Oa1       15.999405     0.000000   1        1
Oa2       15.999405     0.000000   1        1
Oa3       15.999405     0.000000   1        1
Oa4       15.999405     0.000000   1        1
BONDS 0
ANGLES 0
DIHEDRALS 0
FINISH
VDW 0
CLOSE
