Cell info:
========================================================================
number-of-unit-cells: 1 1 1
unit-cell-vector-a:    15.031000000000     0.000000000000     0.000000000000
unit-cell-vector-b:     0.000000000000    15.031000000000     0.000000000000
unit-cell-vector-c:     0.000000000000     0.000000000000    15.031000000000

cell-vector-a:    11.396136039259     0.000000000000     0.000000000000
cell-vector-b:    -4.882512046235    -0.000363336066     0.000000000000
cell-vector-c:    -1.770769579875     2.959994311609    12.600109444085

cell-lengths:    15.031000000000    15.031000000000    15.031000000000
cell-angles:    82.210609301155    97.790365798309   179.995736288431


Framework:
========================================================================
Initial-framework-center-of-mass:     7.181958928816     7.181958928816     7.181958928816
Maximum-translation-change framework 0: 0.000000
Maximum-translation-shift-change framework 0: 0.000000 0.000000 0.000000


Maximum changes for MC-moves:
========================================================================
Maximum-volume-change: 0.025000
Maximum-Gibbs-volume-change: 0.100000
Maximum-box-shape-change: 0.100000 0.100000 0.100000, 0.100000 0.100000 0.100000, 0.100000 0.100000 0.100000


Acceptance targets for MC-moves:
========================================================================
Target-volume-change: 0.500000
Target-box-shape-change: 0.500000
Target-Gibbs-volume-change: 0.500000


Components: 0
========================================================================

Framework atomic positions
========================================================================
Framework-atom-position: 0 0     1.619138787192     1.172374716681     4.990718831193
Framework-atom-position: 0 1     1.748702532353     1.128143950438     4.802299355048
Framework-atom-position: 0 2     0.485708138774     1.096793389750     4.669079645443
Framework-atom-position: 0 3     8.320723321470     1.175331088981     5.003532238649
Framework-atom-position: 0 4    -1.741080036804     1.143584565084     4.868347772835
Framework-atom-position: 0 5     7.995382967933     1.098396496689     4.675912419736
Framework-atom-position: 0 6     3.498624579705     1.199599947660     5.107859025434
Framework-atom-position: 0 7     8.266370052647     1.125529048743     4.791130293650
Framework-atom-position: 0 8     4.761071176458     1.095552131591     4.664838785935
Framework-atom-position: 0 9    -3.138090147140     1.150614059386     4.899114074895
Framework-atom-position: 0 10    -4.495956460160     1.141447517727     4.860125367854
Framework-atom-position: 0 11    -2.892140192104     1.100450448353     4.685677032079
Framework-atom-position: 0 12    -2.678939939194     1.792434889097     7.631426391502
Framework-atom-position: 0 13     1.278612850735     1.831504901289     7.796380954885
Framework-atom-position: 0 14    -3.264700167548     1.861749121786     7.926389809498
Framework-atom-position: 0 15    -1.165827330412     1.806773695901     7.691467756769
Framework-atom-position: 0 16    -2.153943850298     1.819110549138     7.743929552534
Framework-atom-position: 0 17    -0.012482044915     1.863589605847     7.933186583510
Framework-atom-position: 0 18     7.001941600918     1.797409897767     7.651381317321
Framework-atom-position: 0 19     7.884147593594     1.831822365379     7.797690907154
Framework-atom-position: 0 20     7.644948959110     1.858473594861     7.911425228900
Framework-atom-position: 0 21     5.500201751944     1.796628665022     7.649042616430
Framework-atom-position: 0 22    -4.908591434515     1.815392039075     7.728975707628
Framework-atom-position: 0 23     4.254284817965     1.863611760323     7.934324608934
Framework-atom-position: 0 24     3.126156294587     0.326330338555     1.389501467931
Framework-atom-position: 0 25     3.360469355125     0.016041728704     0.068617342255
Framework-atom-position: 0 26     3.087748814085     0.453133528482     1.929170641890
Framework-atom-position: 0 27     6.349907507761     0.309813976033     1.319430588981
Framework-atom-position: 0 28     7.035319616837     0.011093086153     0.047816474561
Framework-atom-position: 0 29     7.463783020446     0.481164177443     2.048784991081
Framework-atom-position: 0 30     2.982341278708     0.315099583942     1.342479027532
Framework-atom-position: 0 31     3.162918604562    -0.016656252190    -0.069687338398
Framework-atom-position: 0 32     2.791493464773     0.492909136596     2.099504928968
Framework-atom-position: 0 33    -0.248226163270     0.317527236403     1.352586250203
Framework-atom-position: 0 34    -0.523418212085    -0.011608342695    -0.048461481866
Framework-atom-position: 0 35    -1.508956392462     0.487075419514     2.074363609881
Framework-atom-position: 0 36    -0.733561013138     2.679056869404    11.405369146833
Framework-atom-position: 0 37     0.583786666279    -0.023403782806    -0.098411115903
Framework-atom-position: 0 38    -1.359163695743     2.458220136140    10.465449784853
Framework-atom-position: 0 39    -0.685557395533     2.654043170761    11.298364273834
Framework-atom-position: 0 40     0.596364149662     0.000423550616     0.002396920389
Framework-atom-position: 0 41    -1.388182614640     2.474989834728    10.536108488870
Framework-atom-position: 0 42     4.142168870835     2.629991329885    11.195753584009
Framework-atom-position: 0 43     5.922282684411     0.024570960878     0.104926646694
Framework-atom-position: 0 44     4.881772829986     2.456697973405    10.457930588016
Framework-atom-position: 0 45     4.029879063102     2.653243073648    11.295253060809
Framework-atom-position: 0 46     5.909418369500    -0.001472970606    -0.005316692504
Framework-atom-position: 0 47     4.943061341935     2.472577413449    10.526254074842
Framework-atom-position: 0 48    -1.247520368564     0.779916196577     3.320569169029
Framework-atom-position: 0 49    -2.270423465031     0.642952874986     2.737518543259
Framework-atom-position: 0 50    -0.207628015789     0.488463780558     2.079860291515
Framework-atom-position: 0 51    -3.097378985102     2.214520179949     9.427704652993
Framework-atom-position: 0 52    -4.379170347748     2.310454483533     9.836097248097
Framework-atom-position: 0 53    -2.721910747969     2.482288425325    10.567592245296
Framework-atom-position: 0 54     2.717765774586     2.242708087867     9.546909949005
Framework-atom-position: 0 55     2.955357073792     2.312159669542     9.842424694692
Framework-atom-position: 0 56     1.969690708642     2.466623623260    10.500185809837
Framework-atom-position: 0 57     6.906126989964     2.211044580944     9.412593249805
Framework-atom-position: 0 58    -3.245573672107     2.312802179280     9.845734628269
Framework-atom-position: 0 59     6.242044512471     2.473863230376    10.531312176672
Framework-atom-position: 0 60     1.095427573301     2.209633838558     9.407368379243
Framework-atom-position: 0 61     5.623664982940     2.310372396583     9.834792686477
Framework-atom-position: 0 62     1.665460317586     2.506248276764    10.669877856308
Framework-atom-position: 0 63     6.868520888216     0.761723785588     3.243424806792
Framework-atom-position: 0 64    -3.408471779461     0.646612032816     2.753452370495
Framework-atom-position: 0 65     6.122412591358     0.484118992660     2.061779854218
Framework-atom-position: 0 66    -0.347467146626     0.732458795629     3.119321128047
Framework-atom-position: 0 67     3.997482760576     0.648248095821     2.759470302095
Framework-atom-position: 0 68    -0.158509065851     0.503612964436     2.145073556742
Framework-atom-position: 0 69     5.937385384014     0.729190695240     3.104179214609
Framework-atom-position: 0 70     6.672318093753     0.647986764787     2.758331962758
Framework-atom-position: 0 71     6.112232916610     0.502975021017     2.141318077041
Framework-atom-position: 0 72     3.092218023108     1.786391096123     7.605706512381
Framework-atom-position: 0 73    -3.549108995888     1.760347812399     7.494616015223
Framework-atom-position: 0 74     1.313560290901     1.785880748193     7.602285121724
Framework-atom-position: 0 75     7.860023734397     1.809880473866     7.704674453602
Framework-atom-position: 0 76     7.436675079934     1.168232117688     4.973093011921
Framework-atom-position: 0 77     5.908821971655     1.159689489029     4.937727329198
Framework-atom-position: 0 78    -2.257172866853     1.163093034182     4.952439988733
Framework-atom-position: 0 79    -0.761905518918     1.157586875276     4.928014425017
Framework-atom-position: 0 80     1.622225968376     2.644931368850    11.260121086934
Framework-atom-position: 0 81    -1.581924484002     2.647059524738    11.268942329459
Framework-atom-position: 0 82     1.759079161002     2.628251074520    11.188322773197
Framework-atom-position: 0 83     4.994746140684     2.645119483757    11.260360308609
Framework-atom-position: 0 84     5.479192626399     0.281201720352     1.197408206034
Framework-atom-position: 0 85     5.427068986810     0.306268447478     1.304647376693
Framework-atom-position: 0 86     0.607012180033     0.330390972172     1.407551643903
Framework-atom-position: 0 87     0.694168207611     0.307197326502     1.308295749815
Framework-atom-position: 0 88     6.028244402322     2.228999879457     9.489334884180
Framework-atom-position: 0 89     7.825768504311     0.751044135279     3.197661608497
Framework-atom-position: 0 90     2.003411731805     0.719399829400     3.063744411080
Framework-atom-position: 0 91    -2.161624323725     0.748483213532     3.187076243463
Framework-atom-position: 0 92     3.619890550699     0.703017030371     2.992760386591
Framework-atom-position: 0 93    -2.128656625399     2.197740031846     9.355973389621
Framework-atom-position: 0 94     5.095205218192     2.232352768420     9.502841673610
Framework-atom-position: 0 95    -1.196363093857     2.225668676367     9.475620047929
Framework-atom-position: 0 96     4.113851172868     2.607758605235    11.101500112297
Framework-atom-position: 0 97     2.867238825746     2.574994283862    10.962260444690
Framework-atom-position: 0 98     0.627732450029     2.625239805882    11.176233544773
Framework-atom-position: 0 99    -1.030622775361     2.580400272768    10.985280370205
Framework-atom-position: 0 100    -0.712296240660     2.606923270530    11.097904653389
Framework-atom-position: 0 101     0.617411495978     2.575744749878    10.964953141142
Framework-atom-position: 0 102     2.758505438284     2.621504697463    11.159664351454
Framework-atom-position: 0 103     4.350420379468     2.581973625729    10.991451291934
Framework-atom-position: 0 104     5.450451668385     0.352936243778     1.503177786215
Framework-atom-position: 0 105     5.750467451279     0.383594567535     1.633404323063
Framework-atom-position: 0 106     1.985080589147     0.338097557783     1.440323736636
Framework-atom-position: 0 107     4.122791495658     0.384070750141     1.635941713452
Framework-atom-position: 0 108     0.649955273808     0.352124096664     1.499686052023
Framework-atom-position: 0 109     0.389085334040     0.377713027783     1.608893230607
Framework-atom-position: 0 110     4.115341858675     0.334349818829     1.423698207578
Framework-atom-position: 0 111     1.885400612177     0.381433030383     1.624210280534
Framework-atom-position: 0 112     5.729376258496     1.496022450178     6.369374851687
Framework-atom-position: 0 113     5.457960855721     1.933655402225     8.232232323283
Framework-atom-position: 0 114    -1.990566019020     1.491634770504     6.350961470803
Framework-atom-position: 0 115    -1.554095855221     1.960637420579     8.347382842522
Framework-atom-position: 0 116    -0.988810377070     1.464280499901     6.233594350396
Framework-atom-position: 0 117    -1.356361506414     1.972417934618     8.396708122404
Framework-atom-position: 0 118     6.724211607647     1.467042783618     6.245090238865
Framework-atom-position: 0 119     5.747713111624     1.967874856322     8.377060538771
Framework-atom-position: 0 120     7.837160046540     1.454517597705     6.192035204321
Framework-atom-position: 0 121     7.670010101453     0.977435455459     4.161269054471
Framework-atom-position: 0 122     2.966090124583     1.477283906151     6.289872863454
Framework-atom-position: 0 123     2.752803765849     0.993137851326     4.228930433913
Framework-atom-position: 0 124    -3.091604934680     1.503413320832     6.400837204573
Framework-atom-position: 0 125    -2.356382370542     0.975797914410     4.154805618954
Framework-atom-position: 0 126     1.775871887705     1.480295776026     6.301506293309
Framework-atom-position: 0 127     2.583931861131     0.990239950298     4.215462875489
Framework-atom-position: 0 128     0.090811506596     2.127133829526     9.056157306758
Framework-atom-position: 0 129     2.165864630943     1.968554204879     8.381085074428
Framework-atom-position: 0 130     4.646316516521     0.836675004620     3.561737533493
Framework-atom-position: 0 131     6.299934167317     1.002223057154     4.266473832261
Framework-atom-position: 0 132     7.095678331085     0.832058939330     3.542703969930
Framework-atom-position: 0 133     6.109141973605     0.984510750724     4.191896448876
Framework-atom-position: 0 134     0.903972898622     0.829794820448     3.533639692193
Framework-atom-position: 0 135    -1.007429890753     0.990577452160     4.218030605815
Framework-atom-position: 0 136    -1.612002236166     0.830273342914     3.535072609646
Framework-atom-position: 0 137    -0.716282734595     1.027129812557     4.372790022533
Framework-atom-position: 0 138     3.847225140028     2.128812700622     9.062113651641
Framework-atom-position: 0 139     1.983168968094     1.964061180554     8.360825341189
Framework-atom-position: 0 140     6.360856316224     2.129093707484     9.063911741305
Framework-atom-position: 0 141     7.100207940958     1.982459112564     8.439455590565
Framework-atom-position: 0 142    -2.351552401455     2.126874770138     9.054437653931
Framework-atom-position: 0 143    -2.916747366138     1.981734535893     8.436877699892

Framework atomic velocities
========================================================================
Framework-atom-velocity: 0 0     0.000000000000     0.000000000000     0.000000000000
Framework-atom-velocity: 0 1     0.000000000000     0.000000000000     0.000000000000
Framework-atom-velocity: 0 2     0.000000000000     0.000000000000     0.000000000000
Framework-atom-velocity: 0 3     0.000000000000     0.000000000000     0.000000000000
Framework-atom-velocity: 0 4     0.000000000000     0.000000000000     0.000000000000
Framework-atom-velocity: 0 5     0.000000000000     0.000000000000     0.000000000000
Framework-atom-velocity: 0 6     0.000000000000     0.000000000000     0.000000000000
Framework-atom-velocity: 0 7     0.000000000000     0.000000000000     0.000000000000
Framework-atom-velocity: 0 8     0.000000000000     0.000000000000     0.000000000000
Framework-atom-velocity: 0 9     0.000000000000     0.000000000000     0.000000000000
Framework-atom-velocity: 0 10     0.000000000000     0.000000000000     0.000000000000
Framework-atom-velocity: 0 11     0.000000000000     0.000000000000     0.000000000000
Framework-atom-velocity: 0 12     0.000000000000     0.000000000000     0.000000000000
Framework-atom-velocity: 0 13     0.000000000000     0.000000000000     0.000000000000
Framework-atom-velocity: 0 14     0.000000000000     0.000000000000     0.000000000000
Framework-atom-velocity: 0 15     0.000000000000     0.000000000000     0.000000000000
Framework-atom-velocity: 0 16     0.000000000000     0.000000000000     0.000000000000
Framework-atom-velocity: 0 17     0.000000000000     0.000000000000     0.000000000000
Framework-atom-velocity: 0 18     0.000000000000     0.000000000000     0.000000000000
Framework-atom-velocity: 0 19     0.000000000000     0.000000000000     0.000000000000
Framework-atom-velocity: 0 20     0.000000000000     0.000000000000     0.000000000000
Framework-atom-velocity: 0 21     0.000000000000     0.000000000000     0.000000000000
Framework-atom-velocity: 0 22     0.000000000000     0.000000000000     0.000000000000
Framework-atom-velocity: 0 23     0.000000000000     0.000000000000     0.000000000000
Framework-atom-velocity: 0 24     0.000000000000     0.000000000000     0.000000000000
Framework-atom-velocity: 0 25     0.000000000000     0.000000000000     0.000000000000
Framework-atom-velocity: 0 26     0.000000000000     0.000000000000     0.000000000000
Framework-atom-velocity: 0 27     0.000000000000     0.000000000000     0.000000000000
Framework-atom-velocity: 0 28     0.000000000000     0.000000000000     0.000000000000
Framework-atom-velocity: 0 29     0.000000000000     0.000000000000     0.000000000000
Framework-atom-velocity: 0 30     0.000000000000     0.000000000000     0.000000000000
Framework-atom-velocity: 0 31     0.000000000000     0.000000000000     0.000000000000
Framework-atom-velocity: 0 32     0.000000000000     0.000000000000     0.000000000000
Framework-atom-velocity: 0 33     0.000000000000     0.000000000000     0.000000000000
Framework-atom-velocity: 0 34     0.000000000000     0.000000000000     0.000000000000
Framework-atom-velocity: 0 35     0.000000000000     0.000000000000     0.000000000000
Framework-atom-velocity: 0 36     0.000000000000     0.000000000000     0.000000000000
Framework-atom-velocity: 0 37     0.000000000000     0.000000000000     0.000000000000
Framework-atom-velocity: 0 38     0.000000000000     0.000000000000     0.000000000000
Framework-atom-velocity: 0 39     0.000000000000     0.000000000000     0.000000000000
Framework-atom-velocity: 0 40     0.000000000000     0.000000000000     0.000000000000
Framework-atom-velocity: 0 41     0.000000000000     0.000000000000     0.000000000000
Framework-atom-velocity: 0 42     0.000000000000     0.000000000000     0.000000000000
Framework-atom-velocity: 0 43     0.000000000000     0.000000000000     0.000000000000
Framework-atom-velocity: 0 44     0.000000000000     0.000000000000     0.000000000000
Framework-atom-velocity: 0 45     0.000000000000     0.000000000000     0.000000000000
Framework-atom-velocity: 0 46     0.000000000000     0.000000000000     0.000000000000
Framework-atom-velocity: 0 47     0.000000000000     0.000000000000     0.000000000000
Framework-atom-velocity: 0 48     0.000000000000     0.000000000000     0.000000000000
Framework-atom-velocity: 0 49     0.000000000000     0.000000000000     0.000000000000
Framework-atom-velocity: 0 50     0.000000000000     0.000000000000     0.000000000000
Framework-atom-velocity: 0 51     0.000000000000     0.000000000000     0.000000000000
Framework-atom-velocity: 0 52     0.000000000000     0.000000000000     0.000000000000
Framework-atom-velocity: 0 53     0.000000000000     0.000000000000     0.000000000000
Framework-atom-velocity: 0 54     0.000000000000     0.000000000000     0.000000000000
Framework-atom-velocity: 0 55     0.000000000000     0.000000000000     0.000000000000
Framework-atom-velocity: 0 56     0.000000000000     0.000000000000     0.000000000000
Framework-atom-velocity: 0 57     0.000000000000     0.000000000000     0.000000000000
Framework-atom-velocity: 0 58     0.000000000000     0.000000000000     0.000000000000
Framework-atom-velocity: 0 59     0.000000000000     0.000000000000     0.000000000000
Framework-atom-velocity: 0 60     0.000000000000     0.000000000000     0.000000000000
Framework-atom-velocity: 0 61     0.000000000000     0.000000000000     0.000000000000
Framework-atom-velocity: 0 62     0.000000000000     0.000000000000     0.000000000000
Framework-atom-velocity: 0 63     0.000000000000     0.000000000000     0.000000000000
Framework-atom-velocity: 0 64     0.000000000000     0.000000000000     0.000000000000
Framework-atom-velocity: 0 65     0.000000000000     0.000000000000     0.000000000000
Framework-atom-velocity: 0 66     0.000000000000     0.000000000000     0.000000000000
Framework-atom-velocity: 0 67     0.000000000000     0.000000000000     0.000000000000
Framework-atom-velocity: 0 68     0.000000000000     0.000000000000     0.000000000000
Framework-atom-velocity: 0 69     0.000000000000     0.000000000000     0.000000000000
Framework-atom-velocity: 0 70     0.000000000000     0.000000000000     0.000000000000
Framework-atom-velocity: 0 71     0.000000000000     0.000000000000     0.000000000000
Framework-atom-velocity: 0 72     0.000000000000     0.000000000000     0.000000000000
Framework-atom-velocity: 0 73     0.000000000000     0.000000000000     0.000000000000
Framework-atom-velocity: 0 74     0.000000000000     0.000000000000     0.000000000000
Framework-atom-velocity: 0 75     0.000000000000     0.000000000000     0.000000000000
Framework-atom-velocity: 0 76     0.000000000000     0.000000000000     0.000000000000
Framework-atom-velocity: 0 77     0.000000000000     0.000000000000     0.000000000000
Framework-atom-velocity: 0 78     0.000000000000     0.000000000000     0.000000000000
Framework-atom-velocity: 0 79     0.000000000000     0.000000000000     0.000000000000
Framework-atom-velocity: 0 80     0.000000000000     0.000000000000     0.000000000000
Framework-atom-velocity: 0 81     0.000000000000     0.000000000000     0.000000000000
Framework-atom-velocity: 0 82     0.000000000000     0.000000000000     0.000000000000
Framework-atom-velocity: 0 83     0.000000000000     0.000000000000     0.000000000000
Framework-atom-velocity: 0 84     0.000000000000     0.000000000000     0.000000000000
Framework-atom-velocity: 0 85     0.000000000000     0.000000000000     0.000000000000
Framework-atom-velocity: 0 86     0.000000000000     0.000000000000     0.000000000000
Framework-atom-velocity: 0 87     0.000000000000     0.000000000000     0.000000000000
Framework-atom-velocity: 0 88     0.000000000000     0.000000000000     0.000000000000
Framework-atom-velocity: 0 89     0.000000000000     0.000000000000     0.000000000000
Framework-atom-velocity: 0 90     0.000000000000     0.000000000000     0.000000000000
Framework-atom-velocity: 0 91     0.000000000000     0.000000000000     0.000000000000
Framework-atom-velocity: 0 92     0.000000000000     0.000000000000     0.000000000000
Framework-atom-velocity: 0 93     0.000000000000     0.000000000000     0.000000000000
Framework-atom-velocity: 0 94     0.000000000000     0.000000000000     0.000000000000
Framework-atom-velocity: 0 95     0.000000000000     0.000000000000     0.000000000000
Framework-atom-velocity: 0 96     0.000000000000     0.000000000000     0.000000000000
Framework-atom-velocity: 0 97     0.000000000000     0.000000000000     0.000000000000
Framework-atom-velocity: 0 98     0.000000000000     0.000000000000     0.000000000000
Framework-atom-velocity: 0 99     0.000000000000     0.000000000000     0.000000000000
Framework-atom-velocity: 0 100     0.000000000000     0.000000000000     0.000000000000
Framework-atom-velocity: 0 101     0.000000000000     0.000000000000     0.000000000000
Framework-atom-velocity: 0 102     0.000000000000     0.000000000000     0.000000000000
Framework-atom-velocity: 0 103     0.000000000000     0.000000000000     0.000000000000
Framework-atom-velocity: 0 104     0.000000000000     0.000000000000     0.000000000000
Framework-atom-velocity: 0 105     0.000000000000     0.000000000000     0.000000000000
Framework-atom-velocity: 0 106     0.000000000000     0.000000000000     0.000000000000
Framework-atom-velocity: 0 107     0.000000000000     0.000000000000     0.000000000000
Framework-atom-velocity: 0 108     0.000000000000     0.000000000000     0.000000000000
Framework-atom-velocity: 0 109     0.000000000000     0.000000000000     0.000000000000
Framework-atom-velocity: 0 110     0.000000000000     0.000000000000     0.000000000000
Framework-atom-velocity: 0 111     0.000000000000     0.000000000000     0.000000000000
Framework-atom-velocity: 0 112     0.000000000000     0.000000000000     0.000000000000
Framework-atom-velocity: 0 113     0.000000000000     0.000000000000     0.000000000000
Framework-atom-velocity: 0 114     0.000000000000     0.000000000000     0.000000000000
Framework-atom-velocity: 0 115     0.000000000000     0.000000000000     0.000000000000
Framework-atom-velocity: 0 116     0.000000000000     0.000000000000     0.000000000000
Framework-atom-velocity: 0 117     0.000000000000     0.000000000000     0.000000000000
Framework-atom-velocity: 0 118     0.000000000000     0.000000000000     0.000000000000
Framework-atom-velocity: 0 119     0.000000000000     0.000000000000     0.000000000000
Framework-atom-velocity: 0 120     0.000000000000     0.000000000000     0.000000000000
Framework-atom-velocity: 0 121     0.000000000000     0.000000000000     0.000000000000
Framework-atom-velocity: 0 122     0.000000000000     0.000000000000     0.000000000000
Framework-atom-velocity: 0 123     0.000000000000     0.000000000000     0.000000000000
Framework-atom-velocity: 0 124     0.000000000000     0.000000000000     0.000000000000
Framework-atom-velocity: 0 125     0.000000000000     0.000000000000     0.000000000000
Framework-atom-velocity: 0 126     0.000000000000     0.000000000000     0.000000000000
Framework-atom-velocity: 0 127     0.000000000000     0.000000000000     0.000000000000
Framework-atom-velocity: 0 128     0.000000000000     0.000000000000     0.000000000000
Framework-atom-velocity: 0 129     0.000000000000     0.000000000000     0.000000000000
Framework-atom-velocity: 0 130     0.000000000000     0.000000000000     0.000000000000
Framework-atom-velocity: 0 131     0.000000000000     0.000000000000     0.000000000000
Framework-atom-velocity: 0 132     0.000000000000     0.000000000000     0.000000000000
Framework-atom-velocity: 0 133     0.000000000000     0.000000000000     0.000000000000
Framework-atom-velocity: 0 134     0.000000000000     0.000000000000     0.000000000000
Framework-atom-velocity: 0 135     0.000000000000     0.000000000000     0.000000000000
Framework-atom-velocity: 0 136     0.000000000000     0.000000000000     0.000000000000
Framework-atom-velocity: 0 137     0.000000000000     0.000000000000     0.000000000000
Framework-atom-velocity: 0 138     0.000000000000     0.000000000000     0.000000000000
Framework-atom-velocity: 0 139     0.000000000000     0.000000000000     0.000000000000
Framework-atom-velocity: 0 140     0.000000000000     0.000000000000     0.000000000000
Framework-atom-velocity: 0 141     0.000000000000     0.000000000000     0.000000000000
Framework-atom-velocity: 0 142     0.000000000000     0.000000000000     0.000000000000
Framework-atom-velocity: 0 143     0.000000000000     0.000000000000     0.000000000000

Framework atomic forces
========================================================================
Framework-atom-force:    0 0 -1270675176248416665600.000000000000 192776912259700228096.000000000000 826260478877019930624.000000000000
Framework-atom-force:    0 1 2843409909263138553856.000000000000 -15169271986782369480704.000000000000 -64318318292630763470848.000000000000
Framework-atom-force:    0 2 128083287767827392.000000000000 -58152662738780736.000000000000 -246789056171461920.000000000000
Framework-atom-force:    0 3 -1431327974967108698112.000000000000 -829099703230600708096.000000000000 -3574935998812280848384.000000000000
Framework-atom-force:    0 4 29562387042903700.000000000000 122713773489160192.000000000000 523889794136461312.000000000000
Framework-atom-force:    0 5 -16962960966410656.000000000000 -3033787876377880.000000000000 -12969244544603488.000000000000
Framework-atom-force:    0 6 16191943819289818038272.000000000000 6601896361204246380544.000000000000 27961557673076036993024.000000000000
Framework-atom-force:    0 7 1180390115144693710848.000000000000 -3558780580698633273344.000000000000 -15319515997724299231232.000000000000
Framework-atom-force:    0 8 -29534435273706328.000000000000 -122714826864486560.000000000000 -523894334982849792.000000000000
Framework-atom-force:    0 9 -17513779061589972877312.000000000000 12762489225108084752384.000000000000 54424995590648308432896.000000000000
Framework-atom-force:    0 10 -128098150461749952.000000000000 58151922575004800.000000000000 246785934518469152.000000000000
Framework-atom-force:    0 11 55338141160082304.000000000000 -7194059559821499.000000000000 -30484122965689060.000000000000
Framework-atom-force:    0 12 -14974054478269.839843750000 -1204178493609.563476562500 -5081918261045.232421875000
Framework-atom-force:    0 13 -5298658691156794146816.000000000000 1663228261564456894464.000000000000 7174027309667861921792.000000000000
Framework-atom-force:    0 14 15953932803738788.000000000000 2656112527887312.000000000000 11386326064273248.000000000000
Framework-atom-force:    0 15 -1179311529109016543232.000000000000 75690812812324274176.000000000000 328285989211612839936.000000000000
Framework-atom-force:    0 16 117741773094579376.000000000000 -50110888475479760.000000000000 -212659375663492352.000000000000
Framework-atom-force:    0 17 33080372374083280.000000000000 116373803364790768.000000000000 496815689670449664.000000000000
Framework-atom-force:    0 18 27905727476643.925781250000 -1243046182203.204833984375 -5353614574770.037109375000
Framework-atom-force:    0 19 18446417494918637289472.000000000000 16779505361376384122880.000000000000 71131986300844229263360.000000000000
Framework-atom-force:    0 20 -1647394731540386816.000000000000 305476144461780416.000000000000 1286208854256640512.000000000000
Framework-atom-force:    0 21 1179311527598954643456.000000000000 -75690816301412319232.000000000000 -328286004047353413632.000000000000
Framework-atom-force:    0 22 -33110356467978608.000000000000 -116372758747273392.000000000000 -496811181806471744.000000000000
Framework-atom-force:    0 23 -117722291558366384.000000000000 50111876274212752.000000000000 212663541559280800.000000000000
Framework-atom-force:    0 24 2052026094592019660800.000000000000 160246139383520428032.000000000000 670940181309028302848.000000000000
Framework-atom-force:    0 25 61740616444469224.000000000000 10219113376349750.000000000000 43224418554113896.000000000000
Framework-atom-force:    0 26 -1014512554067363.750000000000 -302803776858690.750000000000 -1286377291746651.250000000000
Framework-atom-force:    0 27 -18965589305740.707031250000 -1386337786761.967285156250 -5853639151982.692382812500
Framework-atom-force:    0 28 -35192041943439568273408.000000000000 5199905526325352333312.000000000000 21406701649623794057216.000000000000
Framework-atom-force:    0 29 -335745015193056640.000000000000 -19338065781672540.000000000000 -81004424211113472.000000000000
Framework-atom-force:    0 30 -2052026094326317318144.000000000000 -160246143302970900480.000000000000 -670940197985359233024.000000000000
Framework-atom-force:    0 31 -61740616538518096.000000000000 -10219113370572384.000000000000 -43224418532922344.000000000000
Framework-atom-force:    0 32 335017935750332928.000000000000 19435721707476628.000000000000 81422622850971952.000000000000
Framework-atom-force:    0 33 24955225216271.468750000000 -1068616801512.071289062500 -4606366701708.241210937500
Framework-atom-force:    0 34 20154722524278890168320.000000000000 -2619202001266057674752.000000000000 -10763697492833261846528.000000000000
Framework-atom-force:    0 35 1741304731722482.500000000000 209055825028001.468750000000 884806061867489.125000000000
Framework-atom-force:    0 36 -17894065787025959682048.000000000000 9743233667148132909056.000000000000 41671164473434540343296.000000000000
Framework-atom-force:    0 37 -553682271230387683328.000000000000 -1048919805685677817856.000000000000 -4437741478173777330176.000000000000
Framework-atom-force:    0 38 72406984662752056836096.000000000000 -41843161450437870092288.000000000000 -176305110354319309275136.000000000000
Framework-atom-force:    0 39 42305859785072710778880.000000000000 1015520947858330353664.000000000000 3545828485622532669440.000000000000
Framework-atom-force:    0 40 35745724164830429970432.000000000000 -4150985723489505771520.000000000000 -16968960183717517590528.000000000000
Framework-atom-force:    0 41 -72403819412745300738048.000000000000 41843197012485223743488.000000000000 176305281378692936761344.000000000000
Framework-atom-force:    0 42 -16380371364372247740416.000000000000 9175159010166075031552.000000000000 39827030589812856848384.000000000000
Framework-atom-force:    0 43 163966931295157878784.000000000000 331952604853643771904.000000000000 1405147438629930401792.000000000000
Framework-atom-force:    0 44 -13222456778265670451200.000000000000 -3425849363201398931456.000000000000 -14740190660580184424448.000000000000
Framework-atom-force:    0 45 -2146845687707432124416.000000000000 206698539715460431872.000000000000 893410434243556016128.000000000000
Framework-atom-force:    0 46 -20318689405684722696192.000000000000 2287249399255116283904.000000000000 9358550066441530376192.000000000000
Framework-atom-force:    0 47 13219291527627306696704.000000000000 3425813800691826163712.000000000000 14740019634238348328960.000000000000
Framework-atom-force:    0 48 3364737840254760.500000000000 15366166835035854.000000000000 65194641638359880.000000000000
Framework-atom-force:    0 49 -23235716000311.117187500000 -22532389433137.296875000000 -95987650798725.890625000000
Framework-atom-force:    0 50 -52950675379789378879488.000000000000 -16331751124947058032640.000000000000 -70303893034434253815808.000000000000
Framework-atom-force:    0 51 57847992370572.117187500000 -38514406240531.867187500000 -163816160634663.156250000000
Framework-atom-force:    0 52 51309281858205.484375000000 46014212120248.945312500000 196028786289439.593750000000
Framework-atom-force:    0 53 750608458070665984.000000000000 63018216056352552.000000000000 265023500164713792.000000000000
Framework-atom-force:    0 54 -11252905807915569152.000000000000 13906536799492855808.000000000000 59528825639470333952.000000000000
Framework-atom-force:    0 55 934847050983733.000000000000 275285062992563.875000000000 1171372312991588.750000000000
Framework-atom-force:    0 56 -750035192374234240.000000000000 -63092970674717336.000000000000 -265343633050349440.000000000000
Framework-atom-force:    0 57 -49579482776775.015625000000 -45815034435554.648437500000 -195181319785775.187500000000
Framework-atom-force:    0 58 -58099972855472.617187500000 38512405679716.992187500000 163807528953677.781250000000
Framework-atom-force:    0 59 -984621778346556.750000000000 -105422149267443.625000000000 -446065068088586.312500000000
Framework-atom-force:    0 60 -324790795349078541598720.000000000000 -122690195129206961078272.000000000000 -529213423730134796468224.000000000000
Framework-atom-force:    0 61 -19289583722382.734375000000 5189297935882.482421875000 22057974792905.105468750000
Framework-atom-force:    0 62 408660511430396.812500000000 174938411142161.250000000000 743930370711192.375000000000
Framework-atom-force:    0 63 -15080036836025554944.000000000000 36357228256137142272.000000000000 155686009618418565120.000000000000
Framework-atom-force:    0 64 26007741545761.847656250000 -16755136510904.449218750000 -71269043470625.437500000000
Framework-atom-force:    0 65 12272107723154459197440.000000000000 -22737068971931060928512.000000000000 -95909190907622693273600.000000000000
Framework-atom-force:    0 66 -27273382710798.277343750000 -26735323396141.753906250000 -113894301639685.921875000000
Framework-atom-force:    0 67 183475104456166.062500000000 -27121283624658.593750000000 -115521267243595.093750000000
Framework-atom-force:    0 68 52953440813735032651776.000000000000 16331811100228145119232.000000000000 70304165392160277921792.000000000000
Framework-atom-force:    0 69 40794960285677.718750000000 -27476395912992.957031250000 -116869611000188.703125000000
Framework-atom-force:    0 70 -1044251432809973.250000000000 -352801758346720.187500000000 -1501235022325048.500000000000
Framework-atom-force:    0 71 -12274873156351322750976.000000000000 22737008997119677169664.000000000000 95908918551896538480640.000000000000
Framework-atom-force:    0 72 1756116592226130984960.000000000000 -218390200079418818560.000000000000 -939588300045178109952.000000000000
Framework-atom-force:    0 73 18690994768350023778304.000000000000 -24206495862009502892032.000000000000 -103544134335576787648512.000000000000
Framework-atom-force:    0 74 -59958314166251740463104.000000000000 -6237198985419189911552.000000000000 -24400507788953974210560.000000000000
Framework-atom-force:    0 75 26365075439551755845632.000000000000 12219043292182109749248.000000000000 50576919218337064419328.000000000000
Framework-atom-force:    0 76 6444478243004.317382812500 1044248536561.073730468750 4403338345462.425781250000
Framework-atom-force:    0 77 1337690418640692969472.000000000000 20996844175741693952.000000000000 82702549366717857792.000000000000
Framework-atom-force:    0 78 -24957582408844.390625000000 1180906140735.304443359375 5086785732067.838867187500
Framework-atom-force:    0 79 -1337690418306846556160.000000000000 -20996840734168666112.000000000000 -82702534726977241088.000000000000
Framework-atom-force:    0 80 -1391352391972427399168.000000000000 169584407171149398016.000000000000 729955612875139842048.000000000000
Framework-atom-force:    0 81 6708788205750.309570312500 1018704219855.036376953125 4303803603453.619628906250
Framework-atom-force:    0 82 1391352394683159150592.000000000000 -169584401924399923200.000000000000 -729955590571776540672.000000000000
Framework-atom-force:    0 83 -26001717763995.792968750000 1239277453653.006591796875 5334959570770.591796875000
Framework-atom-force:    0 84 14396306370027992383488.000000000000 -8157136146153131212800.000000000000 -34865722196041366765568.000000000000
Framework-atom-force:    0 85 -33170920881921057619968.000000000000 989812244878232518656.000000000000 4742206066901915795456.000000000000
Framework-atom-force:    0 86 5840676219951175958528.000000000000 -5726345789650041307136.000000000000 -24907925669694738006016.000000000000
Framework-atom-force:    0 87 8633223147376534880256.000000000000 -1421428331828374929408.000000000000 -6114992711392372457472.000000000000
Framework-atom-force:    0 88 324790795338868531920896.000000000000 122690195131637660909568.000000000000 529213423740446878728192.000000000000
Framework-atom-force:    0 89 -25722651711744.167968750000 16754991735172.175781250000 71268528766432.843750000000
Framework-atom-force:    0 90 15080074689079838720.000000000000 -36357188996549586944.000000000000 -155685842564457627648.000000000000
Framework-atom-force:    0 91 21692632067839.085937500000 22344798896973.746093750000 95189422388800.765625000000
Framework-atom-force:    0 92 -3196360382586343.500000000000 -15388224708874652.000000000000 -65288602121829040.000000000000
Framework-atom-force:    0 93 11252980110318632960.000000000000 -13906489220157427712.000000000000 -59528623164717670400.000000000000
Framework-atom-force:    0 94 23257144294519.226562500000 21862601365742.855468750000 93136245148987.562500000000
Framework-atom-force:    0 95 -62848527684869.945312500000 38077099662612.210937500000 161954726573927.843750000000
Framework-atom-force:    0 96 -15615634508259656728576.000000000000 -12261540961620875804672.000000000000 -51981621083616208486400.000000000000
Framework-atom-force:    0 97 74370812232147264.000000000000 -31811916462594460.000000000000 -135019151715303776.000000000000
Framework-atom-force:    0 98 15832147623870228.000000000000 75787444326042128.000000000000 323515132504057728.000000000000
Framework-atom-force:    0 99 -13124077854518586.000000000000 -1986928502397949.000000000000 -8516895415263630.000000000000
Framework-atom-force:    0 100 9730588820699273494528.000000000000 -7878998567660239716352.000000000000 -33955506677817230229504.000000000000
Framework-atom-force:    0 101 -15803790035562484.000000000000 -75788515054160064.000000000000 -323519748167034752.000000000000
Framework-atom-force:    0 102 -74384148069308256.000000000000 31811281285671260.000000000000 135016473743436272.000000000000
Framework-atom-force:    0 103 481870533659139712.000000000000 -70648808402005192.000000000000 -297705332897332416.000000000000
Framework-atom-force:    0 104 -11300142206954485317632.000000000000 6417006712340410793984.000000000000 27663599723746745647104.000000000000
Framework-atom-force:    0 105 37224297061074432.000000000000 5788124989344692.000000000000 24842983670988276.000000000000
Framework-atom-force:    0 106 193363249492190784.000000000000 -84053119802493856.000000000000 -356664829131392064.000000000000
Framework-atom-force:    0 107 10785566664506218.000000000000 71985893913839304.000000000000 307285847186539392.000000000000
Framework-atom-force:    0 108 15601322257264609853440.000000000000 7898012390301313794048.000000000000 33482502021695773081600.000000000000
Framework-atom-force:    0 109 -502131259883447808.000000000000 73131881712930304.000000000000 307921352150064576.000000000000
Framework-atom-force:    0 110 -10813087044234980.000000000000 -71985024417462024.000000000000 -307282090275871424.000000000000
Framework-atom-force:    0 111 -193341242457804416.000000000000 84054335706839184.000000000000 356669960303238464.000000000000
Framework-atom-force:    0 112 50155428641912992.000000000000 7871693479093123.000000000000 33291168166629992.000000000000
Framework-atom-force:    0 113 -814090679837077.875000000000 -268214325142737.125000000000 -1139748708895255.750000000000
Framework-atom-force:    0 114 -255807416.112890154123 20991298.398932483047 91724060.007738396525
Framework-atom-force:    0 115 -723817886856122240.000000000000 -43123207680562224.000000000000 -180557847642119520.000000000000
Framework-atom-force:    0 116 -50155428698367696.000000000000 -7871693479901744.000000000000 -33291168167537348.000000000000
Framework-atom-force:    0 117 723104796461549184.000000000000 43214343229665976.000000000000 180948207475855552.000000000000
Framework-atom-force:    0 118 32715672962821418647552.000000000000 -6767174415304020197376.000000000000 -28038195534712585322496.000000000000
Framework-atom-force:    0 119 1528677149200757.750000000000 180559577742765.343750000000 764189297032654.750000000000
Framework-atom-force:    0 120 -775043662044002123776.000000000000 -1566709423760061497344.000000000000 -6627130930837588017152.000000000000
Framework-atom-force:    0 121 94498761298639706914816.000000000000 -43759125627993646432256.000000000000 -184293054028490458791936.000000000000
Framework-atom-force:    0 122 775043627882170810368.000000000000 1566709421636098719744.000000000000 6627130921705546973184.000000000000
Framework-atom-force:    0 123 -94490367692792506875904.000000000000 43759269664843666292736.000000000000 184293723418198196355072.000000000000
Framework-atom-force:    0 124 775751493051168194560.000000000000 1211510261862751010816.000000000000 5125038493251669065728.000000000000
Framework-atom-force:    0 125 -45199052141049558335488.000000000000 -11008993561912188862464.000000000000 -47431606261910014525440.000000000000
Framework-atom-force:    0 126 -33491424421714770001920.000000000000 5555664155566605860864.000000000000 22913157050599129219072.000000000000
Framework-atom-force:    0 127 45190658534460000043008.000000000000 11008849524533349056512.000000000000 47430936869949944102912.000000000000
Framework-atom-force:    0 128 -25786062991866.656250000000 -22180167197234.578125000000 -94487405574694.859375000000
Framework-atom-force:    0 129 -107817012347546231635968.000000000000 -28169238814843308343296.000000000000 -121422598777066351493120.000000000000
Framework-atom-force:    0 130 28873069119703.832031250000 26943023096027.203125000000 114778103735980.031250000000
Framework-atom-force:    0 131 631214754250936832.000000000000 58599164637125720.000000000000 246730845606688960.000000000000
Framework-atom-force:    0 132 1006414586796508.125000000000 313543405653669.812500000000 1334186322072730.750000000000
Framework-atom-force:    0 133 -630852798250962048.000000000000 -58648259527680688.000000000000 -246941015883355072.000000000000
Framework-atom-force:    0 134 -41093641787492.921875000000 27476414633061.691406250000 116869588381208.953125000000
Framework-atom-force:    0 135 -1189245595971611.250000000000 -149335877008864.625000000000 -632275348443676.625000000000
Framework-atom-force:    0 136 -351910436408198.437500000000 49158188593558.773437500000 209392508784664.093750000000
Framework-atom-force:    0 137 826976174842988.750000000000 195000207076879.875000000000 827852829433968.625000000000
Framework-atom-force:    0 138 63115594448766.859375000000 -38077479877456.757812500000 -161956236166887.843750000000
Framework-atom-force:    0 139 31235565782569624535040.000000000000 -32373609685548764495872.000000000000 -136486562903971806052352.000000000000
Framework-atom-force:    0 140 30019447195767.253906250000 -7644599127691.054687500000 -32490903838565.175781250000
Framework-atom-force:    0 141 107819902485404701425664.000000000000 28169309891974293094400.000000000000 121422919274679616143360.000000000000
Framework-atom-force:    0 142 -1009165771059916.375000000000 -322862500882986.812500000000 -1373838982455470.250000000000
Framework-atom-force:    0 143 -31238455919725925892096.000000000000 32373538608861885235200.000000000000 136486242408254014488576.000000000000

Framework atomic charges
========================================================================
Framework-atom-charge:   0 0     1.100000000000
Framework-atom-charge:   0 1    -0.550000000000
Framework-atom-charge:   0 2    -0.550000000000
Framework-atom-charge:   0 3     1.100000000000
Framework-atom-charge:   0 4    -0.550000000000
Framework-atom-charge:   0 5    -0.550000000000
Framework-atom-charge:   0 6     1.100000000000
Framework-atom-charge:   0 7    -0.550000000000
Framework-atom-charge:   0 8    -0.550000000000
Framework-atom-charge:   0 9     1.100000000000
Framework-atom-charge:   0 10    -0.550000000000
Framework-atom-charge:   0 11    -0.550000000000
Framework-atom-charge:   0 12     1.100000000000
Framework-atom-charge:   0 13    -0.550000000000
Framework-atom-charge:   0 14    -0.550000000000
Framework-atom-charge:   0 15     1.100000000000
Framework-atom-charge:   0 16    -0.550000000000
Framework-atom-charge:   0 17    -0.550000000000
Framework-atom-charge:   0 18     1.100000000000
Framework-atom-charge:   0 19    -0.550000000000
Framework-atom-charge:   0 20    -0.550000000000
Framework-atom-charge:   0 21     1.100000000000
Framework-atom-charge:   0 22    -0.550000000000
Framework-atom-charge:   0 23    -0.550000000000
Framework-atom-charge:   0 24     1.100000000000
Framework-atom-charge:   0 25    -0.550000000000
Framework-atom-charge:   0 26    -0.550000000000
Framework-atom-charge:   0 27     1.100000000000
Framework-atom-charge:   0 28    -0.550000000000
Framework-atom-charge:   0 29    -0.550000000000
Framework-atom-charge:   0 30     1.100000000000
Framework-atom-charge:   0 31    -0.550000000000
Framework-atom-charge:   0 32    -0.550000000000
Framework-atom-charge:   0 33     1.100000000000
Framework-atom-charge:   0 34    -0.550000000000
Framework-atom-charge:   0 35    -0.550000000000
Framework-atom-charge:   0 36     1.100000000000
Framework-atom-charge:   0 37    -0.550000000000
Framework-atom-charge:   0 38    -0.550000000000
Framework-atom-charge:   0 39     1.100000000000
Framework-atom-charge:   0 40    -0.550000000000
Framework-atom-charge:   0 41    -0.550000000000
Framework-atom-charge:   0 42     1.100000000000
Framework-atom-charge:   0 43    -0.550000000000
Framework-atom-charge:   0 44    -0.550000000000
Framework-atom-charge:   0 45     1.100000000000
Framework-atom-charge:   0 46    -0.550000000000
Framework-atom-charge:   0 47    -0.550000000000
Framework-atom-charge:   0 48     1.100000000000
Framework-atom-charge:   0 49    -0.550000000000
Framework-atom-charge:   0 50    -0.550000000000
Framework-atom-charge:   0 51     1.100000000000
Framework-atom-charge:   0 52    -0.550000000000
Framework-atom-charge:   0 53    -0.550000000000
Framework-atom-charge:   0 54     1.100000000000
Framework-atom-charge:   0 55    -0.550000000000
Framework-atom-charge:   0 56    -0.550000000000
Framework-atom-charge:   0 57     1.100000000000
Framework-atom-charge:   0 58    -0.550000000000
Framework-atom-charge:   0 59    -0.550000000000
Framework-atom-charge:   0 60     1.100000000000
Framework-atom-charge:   0 61    -0.550000000000
Framework-atom-charge:   0 62    -0.550000000000
Framework-atom-charge:   0 63     1.100000000000
Framework-atom-charge:   0 64    -0.550000000000
Framework-atom-charge:   0 65    -0.550000000000
Framework-atom-charge:   0 66     1.100000000000
Framework-atom-charge:   0 67    -0.550000000000
Framework-atom-charge:   0 68    -0.550000000000
Framework-atom-charge:   0 69     1.100000000000
Framework-atom-charge:   0 70    -0.550000000000
Framework-atom-charge:   0 71    -0.550000000000
Framework-atom-charge:   0 72     1.100000000000
Framework-atom-charge:   0 73     1.100000000000
Framework-atom-charge:   0 74     1.100000000000
Framework-atom-charge:   0 75     1.100000000000
Framework-atom-charge:   0 76     1.100000000000
Framework-atom-charge:   0 77     1.100000000000
Framework-atom-charge:   0 78     1.100000000000
Framework-atom-charge:   0 79     1.100000000000
Framework-atom-charge:   0 80     1.100000000000
Framework-atom-charge:   0 81     1.100000000000
Framework-atom-charge:   0 82     1.100000000000
Framework-atom-charge:   0 83     1.100000000000
Framework-atom-charge:   0 84     1.100000000000
Framework-atom-charge:   0 85     1.100000000000
Framework-atom-charge:   0 86     1.100000000000
Framework-atom-charge:   0 87     1.100000000000
Framework-atom-charge:   0 88     1.100000000000
Framework-atom-charge:   0 89     1.100000000000
Framework-atom-charge:   0 90     1.100000000000
Framework-atom-charge:   0 91     1.100000000000
Framework-atom-charge:   0 92     1.100000000000
Framework-atom-charge:   0 93     1.100000000000
Framework-atom-charge:   0 94     1.100000000000
Framework-atom-charge:   0 95     1.100000000000
Framework-atom-charge:   0 96    -0.550000000000
Framework-atom-charge:   0 97    -0.550000000000
Framework-atom-charge:   0 98    -0.550000000000
Framework-atom-charge:   0 99    -0.550000000000
Framework-atom-charge:   0 100    -0.550000000000
Framework-atom-charge:   0 101    -0.550000000000
Framework-atom-charge:   0 102    -0.550000000000
Framework-atom-charge:   0 103    -0.550000000000
Framework-atom-charge:   0 104    -0.550000000000
Framework-atom-charge:   0 105    -0.550000000000
Framework-atom-charge:   0 106    -0.550000000000
Framework-atom-charge:   0 107    -0.550000000000
Framework-atom-charge:   0 108    -0.550000000000
Framework-atom-charge:   0 109    -0.550000000000
Framework-atom-charge:   0 110    -0.550000000000
Framework-atom-charge:   0 111    -0.550000000000
Framework-atom-charge:   0 112    -0.550000000000
Framework-atom-charge:   0 113    -0.550000000000
Framework-atom-charge:   0 114    -0.550000000000
Framework-atom-charge:   0 115    -0.550000000000
Framework-atom-charge:   0 116    -0.550000000000
Framework-atom-charge:   0 117    -0.550000000000
Framework-atom-charge:   0 118    -0.550000000000
Framework-atom-charge:   0 119    -0.550000000000
Framework-atom-charge:   0 120    -0.550000000000
Framework-atom-charge:   0 121    -0.550000000000
Framework-atom-charge:   0 122    -0.550000000000
Framework-atom-charge:   0 123    -0.550000000000
Framework-atom-charge:   0 124    -0.550000000000
Framework-atom-charge:   0 125    -0.550000000000
Framework-atom-charge:   0 126    -0.550000000000
Framework-atom-charge:   0 127    -0.550000000000
Framework-atom-charge:   0 128    -0.550000000000
Framework-atom-charge:   0 129    -0.550000000000
Framework-atom-charge:   0 130    -0.550000000000
Framework-atom-charge:   0 131    -0.550000000000
Framework-atom-charge:   0 132    -0.550000000000
Framework-atom-charge:   0 133    -0.550000000000
Framework-atom-charge:   0 134    -0.550000000000
Framework-atom-charge:   0 135    -0.550000000000
Framework-atom-charge:   0 136    -0.550000000000
Framework-atom-charge:   0 137    -0.550000000000
Framework-atom-charge:   0 138    -0.550000000000
Framework-atom-charge:   0 139    -0.550000000000
Framework-atom-charge:   0 140    -0.550000000000
Framework-atom-charge:   0 141    -0.550000000000
Framework-atom-charge:   0 142    -0.550000000000
Framework-atom-charge:   0 143    -0.550000000000

Framework atomic fixed/free
========================================================================
Framework-atom-fixed:    0 0       0 0 0
Framework-atom-fixed:    0 1       0 0 0
Framework-atom-fixed:    0 2       0 0 0
Framework-atom-fixed:    0 3       0 0 0
Framework-atom-fixed:    0 4       0 0 0
Framework-atom-fixed:    0 5       0 0 0
Framework-atom-fixed:    0 6       0 0 0
Framework-atom-fixed:    0 7       0 0 0
Framework-atom-fixed:    0 8       0 0 0
Framework-atom-fixed:    0 9       0 0 0
Framework-atom-fixed:    0 10       0 0 0
Framework-atom-fixed:    0 11       0 0 0
Framework-atom-fixed:    0 12       0 0 0
Framework-atom-fixed:    0 13       0 0 0
Framework-atom-fixed:    0 14       0 0 0
Framework-atom-fixed:    0 15       0 0 0
Framework-atom-fixed:    0 16       0 0 0
Framework-atom-fixed:    0 17       0 0 0
Framework-atom-fixed:    0 18       0 0 0
Framework-atom-fixed:    0 19       0 0 0
Framework-atom-fixed:    0 20       0 0 0
Framework-atom-fixed:    0 21       0 0 0
Framework-atom-fixed:    0 22       0 0 0
Framework-atom-fixed:    0 23       0 0 0
Framework-atom-fixed:    0 24       0 0 0
Framework-atom-fixed:    0 25       0 0 0
Framework-atom-fixed:    0 26       0 0 0
Framework-atom-fixed:    0 27       0 0 0
Framework-atom-fixed:    0 28       0 0 0
Framework-atom-fixed:    0 29       0 0 0
Framework-atom-fixed:    0 30       0 0 0
Framework-atom-fixed:    0 31       0 0 0
Framework-atom-fixed:    0 32       0 0 0
Framework-atom-fixed:    0 33       0 0 0
Framework-atom-fixed:    0 34       0 0 0
Framework-atom-fixed:    0 35       0 0 0
Framework-atom-fixed:    0 36       0 0 0
Framework-atom-fixed:    0 37       0 0 0
Framework-atom-fixed:    0 38       0 0 0
Framework-atom-fixed:    0 39       0 0 0
Framework-atom-fixed:    0 40       0 0 0
Framework-atom-fixed:    0 41       0 0 0
Framework-atom-fixed:    0 42       0 0 0
Framework-atom-fixed:    0 43       0 0 0
Framework-atom-fixed:    0 44       0 0 0
Framework-atom-fixed:    0 45       0 0 0
Framework-atom-fixed:    0 46       0 0 0
Framework-atom-fixed:    0 47       0 0 0
Framework-atom-fixed:    0 48       0 0 0
Framework-atom-fixed:    0 49       0 0 0
Framework-atom-fixed:    0 50       0 0 0
Framework-atom-fixed:    0 51       0 0 0
Framework-atom-fixed:    0 52       0 0 0
Framework-atom-fixed:    0 53       0 0 0
Framework-atom-fixed:    0 54       0 0 0
Framework-atom-fixed:    0 55       0 0 0
Framework-atom-fixed:    0 56       0 0 0
Framework-atom-fixed:    0 57       0 0 0
Framework-atom-fixed:    0 58       0 0 0
Framework-atom-fixed:    0 59       0 0 0
Framework-atom-fixed:    0 60       0 0 0
Framework-atom-fixed:    0 61       0 0 0
Framework-atom-fixed:    0 62       0 0 0
Framework-atom-fixed:    0 63       0 0 0
Framework-atom-fixed:    0 64       0 0 0
Framework-atom-fixed:    0 65       0 0 0
Framework-atom-fixed:    0 66       0 0 0
Framework-atom-fixed:    0 67       0 0 0
Framework-atom-fixed:    0 68       0 0 0
Framework-atom-fixed:    0 69       0 0 0
Framework-atom-fixed:    0 70       0 0 0
Framework-atom-fixed:    0 71       0 0 0
Framework-atom-fixed:    0 72       0 0 0
Framework-atom-fixed:    0 73       0 0 0
Framework-atom-fixed:    0 74       0 0 0
Framework-atom-fixed:    0 75       0 0 0
Framework-atom-fixed:    0 76       0 0 0
Framework-atom-fixed:    0 77       0 0 0
Framework-atom-fixed:    0 78       0 0 0
Framework-atom-fixed:    0 79       0 0 0
Framework-atom-fixed:    0 80       0 0 0
Framework-atom-fixed:    0 81       0 0 0
Framework-atom-fixed:    0 82       0 0 0
Framework-atom-fixed:    0 83       0 0 0
Framework-atom-fixed:    0 84       0 0 0
Framework-atom-fixed:    0 85       0 0 0
Framework-atom-fixed:    0 86       0 0 0
Framework-atom-fixed:    0 87       0 0 0
Framework-atom-fixed:    0 88       0 0 0
Framework-atom-fixed:    0 89       0 0 0
Framework-atom-fixed:    0 90       0 0 0
Framework-atom-fixed:    0 91       0 0 0
Framework-atom-fixed:    0 92       0 0 0
Framework-atom-fixed:    0 93       0 0 0
Framework-atom-fixed:    0 94       0 0 0
Framework-atom-fixed:    0 95       0 0 0
Framework-atom-fixed:    0 96       0 0 0
Framework-atom-fixed:    0 97       0 0 0
Framework-atom-fixed:    0 98       0 0 0
Framework-atom-fixed:    0 99       0 0 0
Framework-atom-fixed:    0 100       0 0 0
Framework-atom-fixed:    0 101       0 0 0
Framework-atom-fixed:    0 102       0 0 0
Framework-atom-fixed:    0 103       0 0 0
Framework-atom-fixed:    0 104       0 0 0
Framework-atom-fixed:    0 105       0 0 0
Framework-atom-fixed:    0 106       0 0 0
Framework-atom-fixed:    0 107       0 0 0
Framework-atom-fixed:    0 108       0 0 0
Framework-atom-fixed:    0 109       0 0 0
Framework-atom-fixed:    0 110       0 0 0
Framework-atom-fixed:    0 111       0 0 0
Framework-atom-fixed:    0 112       0 0 0
Framework-atom-fixed:    0 113       0 0 0
Framework-atom-fixed:    0 114       0 0 0
Framework-atom-fixed:    0 115       0 0 0
Framework-atom-fixed:    0 116       0 0 0
Framework-atom-fixed:    0 117       0 0 0
Framework-atom-fixed:    0 118       0 0 0
Framework-atom-fixed:    0 119       0 0 0
Framework-atom-fixed:    0 120       0 0 0
Framework-atom-fixed:    0 121       0 0 0
Framework-atom-fixed:    0 122       0 0 0
Framework-atom-fixed:    0 123       0 0 0
Framework-atom-fixed:    0 124       0 0 0
Framework-atom-fixed:    0 125       0 0 0
Framework-atom-fixed:    0 126       0 0 0
Framework-atom-fixed:    0 127       0 0 0
Framework-atom-fixed:    0 128       0 0 0
Framework-atom-fixed:    0 129       0 0 0
Framework-atom-fixed:    0 130       0 0 0
Framework-atom-fixed:    0 131       0 0 0
Framework-atom-fixed:    0 132       0 0 0
Framework-atom-fixed:    0 133       0 0 0
Framework-atom-fixed:    0 134       0 0 0
Framework-atom-fixed:    0 135       0 0 0
Framework-atom-fixed:    0 136       0 0 0
Framework-atom-fixed:    0 137       0 0 0
Framework-atom-fixed:    0 138       0 0 0
Framework-atom-fixed:    0 139       0 0 0
Framework-atom-fixed:    0 140       0 0 0
Framework-atom-fixed:    0 141       0 0 0
Framework-atom-fixed:    0 142       0 0 0
Framework-atom-fixed:    0 143       0 0 0


