[double3(25.832000000000,0.000000000000,0.000000000000),double3(0.000000000000,25.832000000000,0.000000000000),double3(0.000000000000,0.000000000000,25.832000000000)]

double3(0.293400000000,0.206600000000,0.206600000000),
double3(0.250000000000,0.250000000000,0.250000000000),
double3(0.281900000000,0.218100000000,0.134000000000),
double3(0.250000000000,0.250000000000,0.111300000000),
double3(0.250000000000,0.250000000000,0.053800000000),
double3(0.282900000000,0.217100000000,0.026900000000),
double3(0.304900000000,0.195100000000,0.044800000000),
double3(0.793400000000,0.293400000000,0.206600000000),
double3(0.750000000000,0.250000000000,0.250000000000),
double3(0.781900000000,0.281900000000,0.134000000000),
double3(0.750000000000,0.250000000000,0.111300000000),
double3(0.750000000000,0.250000000000,0.053800000000),
double3(0.782900000000,0.282900000000,0.026900000000),
double3(0.804900000000,0.304900000000,0.044800000000),
double3(0.706600000000,0.793400000000,0.206600000000),
double3(0.750000000000,0.750000000000,0.250000000000),
double3(0.718100000000,0.781900000000,0.134000000000),
double3(0.750000000000,0.750000000000,0.111300000000),
double3(0.750000000000,0.750000000000,0.053800000000),
double3(0.717100000000,0.782900000000,0.026900000000),
double3(0.695100000000,0.804900000000,0.044800000000),
double3(0.206600000000,0.706600000000,0.206600000000),
double3(0.250000000000,0.750000000000,0.250000000000),
double3(0.218100000000,0.718100000000,0.134000000000),
double3(0.250000000000,0.750000000000,0.111300000000),
double3(0.250000000000,0.750000000000,0.053800000000),
double3(0.217100000000,0.717100000000,0.026900000000),
double3(0.195100000000,0.695100000000,0.044800000000),
double3(0.293400000000,0.793400000000,0.793400000000),
double3(0.250000000000,0.750000000000,0.750000000000),
double3(0.281900000000,0.781900000000,0.866000000000),
double3(0.250000000000,0.750000000000,0.888700000000),
double3(0.250000000000,0.750000000000,0.946200000000),
double3(0.282900000000,0.782900000000,0.973100000000),
double3(0.304900000000,0.804900000000,0.955200000000),
double3(0.206600000000,0.293400000000,0.793400000000),
double3(0.250000000000,0.250000000000,0.750000000000),
double3(0.218100000000,0.281900000000,0.866000000000),
double3(0.250000000000,0.250000000000,0.888700000000),
double3(0.250000000000,0.250000000000,0.946200000000),
double3(0.217100000000,0.282900000000,0.973100000000),
double3(0.195100000000,0.304900000000,0.955200000000),
double3(0.706600000000,0.206600000000,0.793400000000),
double3(0.750000000000,0.250000000000,0.750000000000),
double3(0.718100000000,0.218100000000,0.866000000000),
double3(0.750000000000,0.250000000000,0.888700000000),
double3(0.750000000000,0.250000000000,0.946200000000),
double3(0.717100000000,0.217100000000,0.973100000000),
double3(0.695100000000,0.195100000000,0.955200000000),
double3(0.793400000000,0.706600000000,0.793400000000),
double3(0.750000000000,0.750000000000,0.750000000000),
double3(0.781900000000,0.718100000000,0.866000000000),
double3(0.750000000000,0.750000000000,0.888700000000),
double3(0.750000000000,0.750000000000,0.946200000000),
double3(0.782900000000,0.717100000000,0.973100000000),
double3(0.804900000000,0.695100000000,0.955200000000),
double3(0.206600000000,0.293400000000,0.206600000000),
double3(0.134000000000,0.281900000000,0.218100000000),
double3(0.111300000000,0.250000000000,0.250000000000),
double3(0.053800000000,0.250000000000,0.250000000000),
double3(0.026900000000,0.282900000000,0.217100000000),
double3(0.044800000000,0.304900000000,0.195100000000),
double3(0.706600000000,0.206600000000,0.206600000000),
double3(0.718100000000,0.134000000000,0.218100000000),
double3(0.750000000000,0.111300000000,0.250000000000),
double3(0.750000000000,0.053800000000,0.250000000000),
double3(0.717100000000,0.026900000000,0.217100000000),
double3(0.695100000000,0.044800000000,0.195100000000),
double3(0.793400000000,0.706600000000,0.206600000000),
double3(0.866000000000,0.718100000000,0.218100000000),
double3(0.888700000000,0.750000000000,0.250000000000),
double3(0.946200000000,0.750000000000,0.250000000000),
double3(0.973100000000,0.717100000000,0.217100000000),
double3(0.955200000000,0.695100000000,0.195100000000),
double3(0.293400000000,0.793400000000,0.206600000000),
double3(0.281900000000,0.866000000000,0.218100000000),
double3(0.250000000000,0.888700000000,0.250000000000),
double3(0.250000000000,0.946200000000,0.250000000000),
double3(0.282900000000,0.973100000000,0.217100000000),
double3(0.304900000000,0.955200000000,0.195100000000),
double3(0.206600000000,0.706600000000,0.793400000000),
double3(0.134000000000,0.718100000000,0.781900000000),
double3(0.111300000000,0.750000000000,0.750000000000),
double3(0.053800000000,0.750000000000,0.750000000000),
double3(0.026900000000,0.717100000000,0.782900000000),
double3(0.044800000000,0.695100000000,0.804900000000),
double3(0.293400000000,0.206600000000,0.793400000000),
double3(0.281900000000,0.134000000000,0.781900000000),
double3(0.250000000000,0.111300000000,0.750000000000),
double3(0.250000000000,0.053800000000,0.750000000000),
double3(0.282900000000,0.026900000000,0.782900000000),
double3(0.304900000000,0.044800000000,0.804900000000),
double3(0.793400000000,0.293400000000,0.793400000000),
double3(0.866000000000,0.281900000000,0.781900000000),
double3(0.888700000000,0.250000000000,0.750000000000),
double3(0.946200000000,0.250000000000,0.750000000000),
double3(0.973100000000,0.282900000000,0.782900000000),
double3(0.955200000000,0.304900000000,0.804900000000),
double3(0.706600000000,0.793400000000,0.793400000000),
double3(0.718100000000,0.866000000000,0.781900000000),
double3(0.750000000000,0.888700000000,0.750000000000),
double3(0.750000000000,0.946200000000,0.750000000000),
double3(0.717100000000,0.973100000000,0.782900000000),
double3(0.695100000000,0.955200000000,0.804900000000),
double3(0.206600000000,0.206600000000,0.293400000000),
double3(0.218100000000,0.134000000000,0.281900000000),
double3(0.250000000000,0.111300000000,0.250000000000),
double3(0.250000000000,0.053800000000,0.250000000000),
double3(0.217100000000,0.026900000000,0.282900000000),
double3(0.195100000000,0.044800000000,0.304900000000),
double3(0.206600000000,0.793400000000,0.706600000000),
double3(0.218100000000,0.866000000000,0.718100000000),
double3(0.250000000000,0.888700000000,0.750000000000),
double3(0.250000000000,0.946200000000,0.750000000000),
double3(0.217100000000,0.973100000000,0.717100000000),
double3(0.195100000000,0.955200000000,0.695100000000),
double3(0.206600000000,0.206600000000,0.706600000000),
double3(0.134000000000,0.218100000000,0.718100000000),
double3(0.111300000000,0.250000000000,0.750000000000),
double3(0.053800000000,0.250000000000,0.750000000000),
double3(0.026900000000,0.217100000000,0.717100000000),
double3(0.044800000000,0.195100000000,0.695100000000),
double3(0.793400000000,0.206600000000,0.706600000000),
double3(0.781900000000,0.134000000000,0.718100000000),
double3(0.750000000000,0.111300000000,0.750000000000),
double3(0.750000000000,0.053800000000,0.750000000000),
double3(0.782900000000,0.026900000000,0.717100000000),
double3(0.804900000000,0.044800000000,0.695100000000),
double3(0.793400000000,0.793400000000,0.706600000000),
double3(0.866000000000,0.781900000000,0.718100000000),
double3(0.888700000000,0.750000000000,0.750000000000),
double3(0.946200000000,0.750000000000,0.750000000000),
double3(0.973100000000,0.782900000000,0.717100000000),
double3(0.955200000000,0.804900000000,0.695100000000),
double3(0.793400000000,0.793400000000,0.293400000000),
double3(0.781900000000,0.866000000000,0.281900000000),
double3(0.750000000000,0.888700000000,0.250000000000),
double3(0.750000000000,0.946200000000,0.250000000000),
double3(0.782900000000,0.973100000000,0.282900000000),
double3(0.804900000000,0.955200000000,0.304900000000),
double3(0.206600000000,0.793400000000,0.293400000000),
double3(0.134000000000,0.781900000000,0.281900000000),
double3(0.111300000000,0.750000000000,0.250000000000),
double3(0.053800000000,0.750000000000,0.250000000000),
double3(0.026900000000,0.782900000000,0.282900000000),
double3(0.044800000000,0.804900000000,0.304900000000),
double3(0.793400000000,0.206600000000,0.293400000000),
double3(0.866000000000,0.218100000000,0.281900000000),
double3(0.888700000000,0.250000000000,0.250000000000),
double3(0.946200000000,0.250000000000,0.250000000000),
double3(0.973100000000,0.217100000000,0.282900000000),
double3(0.955200000000,0.195100000000,0.304900000000),
double3(0.718100000000,0.781900000000,0.866000000000),
double3(0.717100000000,0.782900000000,0.973100000000),
double3(0.695100000000,0.804900000000,0.955200000000),
double3(0.218100000000,0.718100000000,0.866000000000),
double3(0.217100000000,0.717100000000,0.973100000000),
double3(0.195100000000,0.695100000000,0.955200000000),
double3(0.281900000000,0.218100000000,0.866000000000),
double3(0.282900000000,0.217100000000,0.973100000000),
double3(0.304900000000,0.195100000000,0.955200000000),
double3(0.781900000000,0.281900000000,0.866000000000),
double3(0.782900000000,0.282900000000,0.973100000000),
double3(0.804900000000,0.304900000000,0.955200000000),
double3(0.718100000000,0.218100000000,0.134000000000),
double3(0.717100000000,0.217100000000,0.026900000000),
double3(0.695100000000,0.195100000000,0.044800000000),
double3(0.781900000000,0.718100000000,0.134000000000),
double3(0.782900000000,0.717100000000,0.026900000000),
double3(0.804900000000,0.695100000000,0.044800000000),
double3(0.281900000000,0.781900000000,0.134000000000),
double3(0.282900000000,0.782900000000,0.026900000000),
double3(0.304900000000,0.804900000000,0.044800000000),
double3(0.218100000000,0.281900000000,0.134000000000),
double3(0.217100000000,0.282900000000,0.026900000000),
double3(0.195100000000,0.304900000000,0.044800000000),
double3(0.866000000000,0.718100000000,0.781900000000),
double3(0.973100000000,0.717100000000,0.782900000000),
double3(0.955200000000,0.695100000000,0.804900000000),
double3(0.281900000000,0.866000000000,0.781900000000),
double3(0.282900000000,0.973100000000,0.782900000000),
double3(0.304900000000,0.955200000000,0.804900000000),
double3(0.134000000000,0.281900000000,0.781900000000),
double3(0.026900000000,0.282900000000,0.782900000000),
double3(0.044800000000,0.304900000000,0.804900000000),
double3(0.718100000000,0.134000000000,0.781900000000),
double3(0.717100000000,0.026900000000,0.782900000000),
double3(0.695100000000,0.044800000000,0.804900000000),
double3(0.866000000000,0.281900000000,0.218100000000),
double3(0.973100000000,0.282900000000,0.217100000000),
double3(0.955200000000,0.304900000000,0.195100000000),
double3(0.718100000000,0.866000000000,0.218100000000),
double3(0.717100000000,0.973100000000,0.217100000000),
double3(0.695100000000,0.955200000000,0.195100000000),
double3(0.134000000000,0.718100000000,0.218100000000),
double3(0.026900000000,0.717100000000,0.217100000000),
double3(0.044800000000,0.695100000000,0.195100000000),
double3(0.281900000000,0.134000000000,0.218100000000),
double3(0.282900000000,0.026900000000,0.217100000000),
double3(0.304900000000,0.044800000000,0.195100000000),
double3(0.781900000000,0.866000000000,0.718100000000),
double3(0.782900000000,0.973100000000,0.717100000000),
double3(0.804900000000,0.955200000000,0.695100000000),
double3(0.781900000000,0.134000000000,0.281900000000),
double3(0.782900000000,0.026900000000,0.282900000000),
double3(0.804900000000,0.044800000000,0.304900000000),
double3(0.866000000000,0.781900000000,0.281900000000),
double3(0.973100000000,0.782900000000,0.282900000000),
double3(0.955200000000,0.804900000000,0.304900000000),
double3(0.218100000000,0.866000000000,0.281900000000),
double3(0.217100000000,0.973100000000,0.282900000000),
double3(0.195100000000,0.955200000000,0.304900000000),
double3(0.134000000000,0.218100000000,0.281900000000),
double3(0.026900000000,0.217100000000,0.282900000000),
double3(0.044800000000,0.195100000000,0.304900000000),
double3(0.218100000000,0.134000000000,0.718100000000),
double3(0.217100000000,0.026900000000,0.717100000000),
double3(0.195100000000,0.044800000000,0.695100000000),
double3(0.866000000000,0.218100000000,0.718100000000),
double3(0.973100000000,0.217100000000,0.717100000000),
double3(0.955200000000,0.195100000000,0.695100000000),
double3(0.134000000000,0.781900000000,0.718100000000),
double3(0.026900000000,0.782900000000,0.717100000000),
double3(0.044800000000,0.804900000000,0.695100000000),
double3(0.293400000000,0.706600000000,0.706600000000),
double3(0.281900000000,0.718100000000,0.634000000000),
double3(0.250000000000,0.750000000000,0.611300000000),
double3(0.250000000000,0.750000000000,0.553800000000),
double3(0.282900000000,0.717100000000,0.526900000000),
double3(0.304900000000,0.695100000000,0.544800000000),
double3(0.781900000000,0.781900000000,0.634000000000),
double3(0.750000000000,0.750000000000,0.611300000000),
double3(0.750000000000,0.750000000000,0.553800000000),
double3(0.782900000000,0.782900000000,0.526900000000),
double3(0.804900000000,0.804900000000,0.544800000000),
double3(0.706600000000,0.293400000000,0.706600000000),
double3(0.718100000000,0.281900000000,0.634000000000),
double3(0.750000000000,0.250000000000,0.611300000000),
double3(0.750000000000,0.250000000000,0.553800000000),
double3(0.717100000000,0.282900000000,0.526900000000),
double3(0.695100000000,0.304900000000,0.544800000000),
double3(0.218100000000,0.218100000000,0.634000000000),
double3(0.250000000000,0.250000000000,0.611300000000),
double3(0.250000000000,0.250000000000,0.553800000000),
double3(0.217100000000,0.217100000000,0.526900000000),
double3(0.195100000000,0.195100000000,0.544800000000),
double3(0.293400000000,0.293400000000,0.293400000000),
double3(0.281900000000,0.281900000000,0.366000000000),
double3(0.250000000000,0.250000000000,0.388700000000),
double3(0.250000000000,0.250000000000,0.446200000000),
double3(0.282900000000,0.282900000000,0.473100000000),
double3(0.304900000000,0.304900000000,0.455200000000),
double3(0.218100000000,0.781900000000,0.366000000000),
double3(0.250000000000,0.750000000000,0.388700000000),
double3(0.250000000000,0.750000000000,0.446200000000),
double3(0.217100000000,0.782900000000,0.473100000000),
double3(0.195100000000,0.804900000000,0.455200000000),
double3(0.706600000000,0.706600000000,0.293400000000),
double3(0.718100000000,0.718100000000,0.366000000000),
double3(0.750000000000,0.750000000000,0.388700000000),
double3(0.750000000000,0.750000000000,0.446200000000),
double3(0.717100000000,0.717100000000,0.473100000000),
double3(0.695100000000,0.695100000000,0.455200000000),
double3(0.781900000000,0.218100000000,0.366000000000),
double3(0.750000000000,0.250000000000,0.388700000000),
double3(0.750000000000,0.250000000000,0.446200000000),
double3(0.782900000000,0.217100000000,0.473100000000),
double3(0.804900000000,0.195100000000,0.455200000000),
double3(0.706600000000,0.706600000000,0.706600000000),
double3(0.718100000000,0.634000000000,0.718100000000),
double3(0.750000000000,0.611300000000,0.750000000000),
double3(0.750000000000,0.553800000000,0.750000000000),
double3(0.717100000000,0.526900000000,0.717100000000),
double3(0.695100000000,0.544800000000,0.695100000000),
double3(0.293400000000,0.293400000000,0.706600000000),
double3(0.281900000000,0.366000000000,0.718100000000),
double3(0.250000000000,0.388700000000,0.750000000000),
double3(0.250000000000,0.446200000000,0.750000000000),
double3(0.282900000000,0.473100000000,0.717100000000),
double3(0.304900000000,0.455200000000,0.695100000000),
double3(0.293400000000,0.706600000000,0.293400000000),
double3(0.281900000000,0.634000000000,0.281900000000),
double3(0.250000000000,0.611300000000,0.250000000000),
double3(0.250000000000,0.553800000000,0.250000000000),
double3(0.282900000000,0.526900000000,0.282900000000),
double3(0.304900000000,0.544800000000,0.304900000000),
double3(0.706600000000,0.293400000000,0.293400000000),
double3(0.718100000000,0.366000000000,0.281900000000),
double3(0.750000000000,0.388700000000,0.250000000000),
double3(0.750000000000,0.446200000000,0.250000000000),
double3(0.717100000000,0.473100000000,0.282900000000),
double3(0.695100000000,0.455200000000,0.304900000000),
double3(0.218100000000,0.634000000000,0.781900000000),
double3(0.250000000000,0.611300000000,0.750000000000),
double3(0.250000000000,0.553800000000,0.750000000000),
double3(0.217100000000,0.526900000000,0.782900000000),
double3(0.195100000000,0.544800000000,0.804900000000),
double3(0.218100000000,0.366000000000,0.218100000000),
double3(0.250000000000,0.388700000000,0.250000000000),
double3(0.250000000000,0.446200000000,0.250000000000),
double3(0.217100000000,0.473100000000,0.217100000000),
double3(0.195100000000,0.455200000000,0.195100000000),
double3(0.781900000000,0.634000000000,0.218100000000),
double3(0.750000000000,0.611300000000,0.250000000000),
double3(0.750000000000,0.553800000000,0.250000000000),
double3(0.782900000000,0.526900000000,0.217100000000),
double3(0.804900000000,0.544800000000,0.195100000000),
double3(0.781900000000,0.366000000000,0.781900000000),
double3(0.750000000000,0.388700000000,0.750000000000),
double3(0.750000000000,0.446200000000,0.750000000000),
double3(0.782900000000,0.473100000000,0.782900000000),
double3(0.804900000000,0.455200000000,0.804900000000),
double3(0.718100000000,0.281900000000,0.366000000000),
double3(0.717100000000,0.282900000000,0.473100000000),
double3(0.695100000000,0.304900000000,0.455200000000),
double3(0.218100000000,0.218100000000,0.366000000000),
double3(0.217100000000,0.217100000000,0.473100000000),
double3(0.195100000000,0.195100000000,0.455200000000),
double3(0.281900000000,0.718100000000,0.366000000000),
double3(0.282900000000,0.717100000000,0.473100000000),
double3(0.304900000000,0.695100000000,0.455200000000),
double3(0.781900000000,0.781900000000,0.366000000000),
double3(0.782900000000,0.782900000000,0.473100000000),
double3(0.804900000000,0.804900000000,0.455200000000),
double3(0.718100000000,0.718100000000,0.634000000000),
double3(0.717100000000,0.717100000000,0.526900000000),
double3(0.695100000000,0.695100000000,0.544800000000),
double3(0.781900000000,0.218100000000,0.634000000000),
double3(0.782900000000,0.217100000000,0.526900000000),
double3(0.804900000000,0.195100000000,0.544800000000),
double3(0.281900000000,0.281900000000,0.634000000000),
double3(0.282900000000,0.282900000000,0.526900000000),
double3(0.304900000000,0.304900000000,0.544800000000),
double3(0.218100000000,0.781900000000,0.634000000000),
double3(0.217100000000,0.782900000000,0.526900000000),
double3(0.195100000000,0.804900000000,0.544800000000),
double3(0.281900000000,0.366000000000,0.281900000000),
double3(0.282900000000,0.473100000000,0.282900000000),
double3(0.304900000000,0.455200000000,0.304900000000),
double3(0.718100000000,0.634000000000,0.281900000000),
double3(0.717100000000,0.526900000000,0.282900000000),
double3(0.695100000000,0.544800000000,0.304900000000),
double3(0.718100000000,0.366000000000,0.718100000000),
double3(0.717100000000,0.473100000000,0.717100000000),
double3(0.695100000000,0.455200000000,0.695100000000),
double3(0.281900000000,0.634000000000,0.718100000000),
double3(0.282900000000,0.526900000000,0.717100000000),
double3(0.304900000000,0.544800000000,0.695100000000),
double3(0.781900000000,0.366000000000,0.218100000000),
double3(0.782900000000,0.473100000000,0.217100000000),
double3(0.804900000000,0.455200000000,0.195100000000),
double3(0.781900000000,0.634000000000,0.781900000000),
double3(0.782900000000,0.526900000000,0.782900000000),
double3(0.804900000000,0.544800000000,0.804900000000),
double3(0.218100000000,0.366000000000,0.781900000000),
double3(0.217100000000,0.473100000000,0.782900000000),
double3(0.195100000000,0.455200000000,0.804900000000),
double3(0.218100000000,0.634000000000,0.218100000000),
double3(0.217100000000,0.526900000000,0.217100000000),
double3(0.195100000000,0.544800000000,0.195100000000),
double3(0.634000000000,0.281900000000,0.718100000000),
double3(0.611300000000,0.250000000000,0.750000000000),
double3(0.553800000000,0.250000000000,0.750000000000),
double3(0.526900000000,0.282900000000,0.717100000000),
double3(0.544800000000,0.304900000000,0.695100000000),
double3(0.366000000000,0.718100000000,0.718100000000),
double3(0.388700000000,0.750000000000,0.750000000000),
double3(0.446200000000,0.750000000000,0.750000000000),
double3(0.473100000000,0.717100000000,0.717100000000),
double3(0.455200000000,0.695100000000,0.695100000000),
double3(0.634000000000,0.718100000000,0.281900000000),
double3(0.611300000000,0.750000000000,0.250000000000),
double3(0.553800000000,0.750000000000,0.250000000000),
double3(0.526900000000,0.717100000000,0.282900000000),
double3(0.544800000000,0.695100000000,0.304900000000),
double3(0.366000000000,0.281900000000,0.281900000000),
double3(0.388700000000,0.250000000000,0.250000000000),
double3(0.446200000000,0.250000000000,0.250000000000),
double3(0.473100000000,0.282900000000,0.282900000000),
double3(0.455200000000,0.304900000000,0.304900000000),
double3(0.634000000000,0.218100000000,0.218100000000),
double3(0.611300000000,0.250000000000,0.250000000000),
double3(0.553800000000,0.250000000000,0.250000000000),
double3(0.526900000000,0.217100000000,0.217100000000),
double3(0.544800000000,0.195100000000,0.195100000000),
double3(0.366000000000,0.781900000000,0.218100000000),
double3(0.388700000000,0.750000000000,0.250000000000),
double3(0.446200000000,0.750000000000,0.250000000000),
double3(0.473100000000,0.782900000000,0.217100000000),
double3(0.455200000000,0.804900000000,0.195100000000),
double3(0.634000000000,0.781900000000,0.781900000000),
double3(0.611300000000,0.750000000000,0.750000000000),
double3(0.553800000000,0.750000000000,0.750000000000),
double3(0.526900000000,0.782900000000,0.782900000000),
double3(0.544800000000,0.804900000000,0.804900000000),
double3(0.366000000000,0.218100000000,0.781900000000),
double3(0.388700000000,0.250000000000,0.750000000000),
double3(0.446200000000,0.250000000000,0.750000000000),
double3(0.473100000000,0.217100000000,0.782900000000),
double3(0.455200000000,0.195100000000,0.804900000000),
double3(0.366000000000,0.718100000000,0.281900000000),
double3(0.473100000000,0.717100000000,0.282900000000),
double3(0.455200000000,0.695100000000,0.304900000000),
double3(0.634000000000,0.281900000000,0.281900000000),
double3(0.526900000000,0.282900000000,0.282900000000),
double3(0.544800000000,0.304900000000,0.304900000000),
double3(0.366000000000,0.281900000000,0.718100000000),
double3(0.473100000000,0.282900000000,0.717100000000),
double3(0.455200000000,0.304900000000,0.695100000000),
double3(0.634000000000,0.718100000000,0.718100000000),
double3(0.526900000000,0.717100000000,0.717100000000),
double3(0.544800000000,0.695100000000,0.695100000000),
double3(0.366000000000,0.781900000000,0.781900000000),
double3(0.473100000000,0.782900000000,0.782900000000),
double3(0.455200000000,0.804900000000,0.804900000000),
double3(0.634000000000,0.218100000000,0.781900000000),
double3(0.526900000000,0.217100000000,0.782900000000),
double3(0.544800000000,0.195100000000,0.804900000000),
double3(0.366000000000,0.218100000000,0.218100000000),
double3(0.473100000000,0.217100000000,0.217100000000),
double3(0.455200000000,0.195100000000,0.195100000000),
double3(0.634000000000,0.781900000000,0.218100000000),
double3(0.526900000000,0.782900000000,0.217100000000),
double3(0.544800000000,0.804900000000,0.195100000000),
