[double3(9.459000000000,0.000000000000,0.000000000000),double3(-0.671354187733,9.435145179308,0.000000000000),double3(-0.671354187733,-0.720821521864,9.407570403044)]

double3(0.103300000000,0.333100000000,0.874300000000),
double3(0.266500000000,0.733500000000,0.000000000000),
double3(0.150600000000,0.849400000000,0.500000000000),
double3(0.250300000000,0.250300000000,0.893000000000),
double3(0.020400000000,0.020400000000,0.319300000000),
double3(0.874300000000,0.103300000000,0.333100000000),
double3(0.000000000000,0.266500000000,0.733500000000),
double3(0.500000000000,0.150600000000,0.849400000000),
double3(0.893000000000,0.250300000000,0.250300000000),
double3(0.319300000000,0.020400000000,0.020400000000),
double3(0.333100000000,0.874300000000,0.103300000000),
double3(0.733500000000,0.000000000000,0.266500000000),
double3(0.849400000000,0.500000000000,0.150600000000),
double3(0.250300000000,0.893000000000,0.250300000000),
double3(0.020400000000,0.319300000000,0.020400000000),
double3(0.666900000000,0.896700000000,0.125700000000),
double3(0.749700000000,0.749700000000,0.107000000000),
double3(0.979600000000,0.979600000000,0.680700000000),
double3(0.125700000000,0.666900000000,0.896700000000),
double3(0.107000000000,0.749700000000,0.749700000000),
double3(0.680700000000,0.979600000000,0.979600000000),
double3(0.896700000000,0.125700000000,0.666900000000),
double3(0.749700000000,0.107000000000,0.749700000000),
double3(0.979600000000,0.680700000000,0.979600000000),
double3(0.896700000000,0.666900000000,0.125700000000),
double3(0.733500000000,0.266500000000,0.000000000000),
double3(0.849400000000,0.150600000000,0.500000000000),
double3(0.125700000000,0.896700000000,0.666900000000),
double3(0.000000000000,0.733500000000,0.266500000000),
double3(0.500000000000,0.849400000000,0.150600000000),
double3(0.666900000000,0.125700000000,0.896700000000),
double3(0.266500000000,0.000000000000,0.733500000000),
double3(0.150600000000,0.500000000000,0.849400000000),
double3(0.333100000000,0.103300000000,0.874300000000),
double3(0.874300000000,0.333100000000,0.103300000000),
double3(0.103300000000,0.874300000000,0.333100000000),
