# 1801
# 0.5
# 0.25 0.75 12.2775
# 0.0  0.5
0 5.87638 0.0919053
0.000555556 5.79087 0.0924271
0.00111111 5.77143 0.0891283
0.00166667 5.82376 0.0929504
0.00222222 5.76573 0.0904669
0.00277778 5.71633 0.0886417
0.00333333 5.8232 0.0925889
0.00388889 5.81473 0.093302
0.00444444 5.72294 0.0895134
0.005 5.73743 0.0884391
0.00555556 5.74026 0.0901214
0.00611111 5.75516 0.0911279
0.00666667 5.65333 0.0869838
0.00722222 5.74443 0.0903439
0.00777778 5.73494 0.0903267
0.00833333 5.66413 0.0887202
0.00888889 5.68476 0.0897517
0.00944444 5.61099 0.0880653
0.01 5.65888 0.0902564
0.0105556 5.62424 0.0892865
0.0111111 5.59472 0.0879088
0.0116667 5.57553 0.0877273
0.0122222 5.66087 0.0913353
0.0127778 5.55272 0.0881861
0.0133333 5.53686 0.087496
0.0138889 5.53721 0.0887103
0.0144444 5.38799 0.0829901
0.015 5.46548 0.0871173
0.0155556 5.36787 0.0846232
0.0161111 5.42018 0.0856739
0.0166667 5.38151 0.085646
0.0172222 5.37091 0.0843954
0.0177778 5.30501 0.0832483
0.0183333 5.33592 0.0839396
0.0188889 5.39624 0.0873733
0.0194444 5.2615 0.0836685
0.02 5.30354 0.0846551
0.0205556 5.22083 0.0824182
0.0211111 5.21265 0.0845523
0.0216667 5.12945 0.0818001
0.0222222 5.13133 0.0823184
0.0227778 5.10838 0.0826559
0.0233333 5.04712 0.0796144
0.0238889 5.09174 0.0807647
0.0244444 5.07505 0.0815676
0.025 5.00678 0.0788903
0.0255556 4.89132 0.077739
0.0261111 4.96983 0.0809624
0.0266667 4.95387 0.081074
0.0272222 4.88895 0.0793557
0.0277778 4.91301 0.0802755
0.0283333 4.78193 0.0772844
0.0288889 4.77653 0.0777965
0.0294444 4.76911 0.077377
0.03 4.6987 0.0773142
0.0305556 4.72689 0.0784034
0.0311111 4.66743 0.0761933
0.0316667 4.56202 0.0748664
0.0322222 4.53827 0.0744257
0.0327778 4.49658 0.0720931
0.0333333 4.48672 0.0721065
0.0338889 4.42972 0.0717678
0.0344444 4.38286 0.0707057
0.035 4.39272 0.0710683
0.0355556 4.37256 0.0713166
0.0361111 4.30279 0.07119
0.0366667 4.34962 0.0719109
0.0372222 4.26404 0.0693576
0.0377778 4.23667 0.0694765
0.0383333 4.19854 0.0700179
0.0388889 4.11948 0.0669113
0.0394444 4.08758 0.0666952
0.04 4.04343 0.0656505
0.0405556 3.95482 0.0633046
0.0411111 3.9708 0.0645161
0.0416667 3.93483 0.0645181
0.0422222 3.89853 0.0634772
0.0427778 3.89817 0.0639487
0.0433333 3.85299 0.0639071
0.0438889 3.81161 0.0629115
0.0444444 3.77665 0.0628096
0.045 3.82435 0.0637588
0.0455556 3.69217 0.0610985
0.0461111 3.61339 0.0591177
0.0466667 3.61379 0.0600506
0.0472222 3.56608 0.0583141
0.0477778 3.48567 0.0567897
0.0483333 3.4881 0.0577259
0.0488889 3.47322 0.0576165
0.0494444 3.46129 0.0577565
0.05 3.41865 0.0562808
0.0505556 3.41042 0.0564286
0.0511111 3.3577 0.0558437
0.0516667 3.2991 0.0541714
0.0522222 3.28654 0.0548951
0.0527778 3.24874 0.05397
0.0533333 3.27068 0.0546198
0.0538889 3.18997 0.052959
0.0544444 3.13265 0.0519253
0.055 3.08546 0.0509115
0.0555556 3.04258 0.0505147
0.0561111 3.06246 0.0505437
0.0566667 3.01005 0.0502743
0.0572222 2.99252 0.0495204
0.0577778 2.98359 0.0495274
0.0583333 2.92628 0.0483471
0.0588889 2.92627 0.0484276
0.0594444 2.87281 0.0479807
0.06 2.79095 0.0458621
0.0605556 2.82057 0.0469951
0.0611111 2.81268 0.0465969
0.0616667 2.78128 0.0462622
0.0622222 2.6975 0.0443303
0.0627778 2.6844 0.0445311
0.0633333 2.65452 0.0435415
0.0638889 2.59399 0.0425705
0.0644444 2.581 0.0425731
0.065 2.52144 0.0416281
0.0655556 2.55646 0.0420265
0.0661111 2.52522 0.0418393
0.0666667 2.43555 0.0403035
0.0672222 2.42558 0.0402251
0.0677778 2.39808 0.0397297
0.0683333 2.43605 0.0403585
0.0688889 2.36669 0.0393731
0.0694444 2.33958 0.0387536
0.07 2.33422 0.0384964
0.0705556 2.25584 0.0371918
0.0711111 2.25854 0.0372854
0.0716667 2.21602 0.0367789
0.0722222 2.18384 0.035881
0.0727778 2.17121 0.036146
0.0733333 2.15164 0.0355012
0.0738889 2.13196 0.0351349
0.0744444 2.09198 0.0344746
0.075 2.06987 0.0341279
0.0755556 2.04459 0.0338207
0.0761111 2.0349 0.0336505
0.0766667 2.00344 0.0330021
0.0772222 1.93783 0.0321582
0.0777778 1.99196 0.0328089
0.0783333 1.91645 0.0316062
0.0788889 1.88978 0.0311462
0.0794444 1.86459 0.0308712
0.08 1.8477 0.0305592
0.0805556 1.81072 0.0299464
0.0811111 1.79791 0.0297617
0.0816667 1.77743 0.0295922
0.0822222 1.74174 0.0289882
0.0827778 1.72922 0.0286482
0.0833333 1.68914 0.0280209
0.0838889 1.68964 0.0280123
0.0844444 1.64191 0.0274487
0.085 1.63027 0.0272671
0.0855556 1.6265 0.0271337
0.0861111 1.59629 0.0266191
0.0866667 1.57604 0.0263658
0.0872222 1.54619 0.0260077
0.0877778 1.52086 0.0255643
0.0883333 1.49885 0.0253041
0.0888889 1.48442 0.0249988
0.0894444 1.44779 0.024616
0.09 1.42982 0.0242756
0.0905556 1.39911 0.0240071
0.0911111 1.38166 0.0236074
0.0916667 1.37656 0.0234503
0.0922222 1.32146 0.022887
0.0927778 1.30695 0.0226532
0.0933333 1.28608 0.0223627
0.0938889 1.27128 0.0221479
0.0944444 1.25189 0.0218588
0.095 1.24175 0.0217621
0.0955556 1.20437 0.0212822
0.0961111 1.17306 0.0208772
0.0966667 1.15615 0.020665
0.0972222 1.14641 0.0204705
0.0977778 1.13795 0.0203973
0.0983333 1.09104 0.0198289
0.0988889 1.07519 0.0196805
0.0994444 1.04741 0.0193357
0.1 1.03044 0.0191302
0.100556 0.99417 0.0187511
0.101111 0.971802 0.0185274
0.101667 0.972285 0.0184612
0.102222 0.932039 0.0180285
0.102778 0.917588 0.0178943
0.103333 0.884644 0.017518
0.103889 0.851587 0.0172196
0.104444 0.852529 0.0171505
0.105 0.842125 0.0170318
0.105556 0.821554 0.0168351
0.106111 0.782225 0.0164829
0.106667 0.751323 0.0162257
0.107222 0.735181 0.016005
0.107778 0.720298 0.0159006
0.108333 0.698069 0.01566
0.108889 0.668934 0.0154159
0.109444 0.651658 0.0152364
0.11 0.640427 0.0151411
0.110556 0.603917 0.0148241
0.111111 0.592739 0.0147239
0.111667 0.56984 0.0145451
0.112222 0.551427 0.0143637
0.112778 0.528233 0.014178
0.113333 0.508169 0.0140369
0.113889 0.489721 0.0139052
0.114444 0.461288 0.0136379
0.115 0.436934 0.0134924
0.115556 0.422701 0.013346
0.116111 0.400771 0.0131869
0.116667 0.38007 0.0130836
0.117222 0.363449 0.0129694
0.117778 0.345304 0.0128526
0.118333 0.325727 0.0126727
0.118889 0.302046 0.0125438
0.119444 0.293088 0.0124707
0.12 0.266113 0.0122953
0.120556 0.245679 0.0121746
0.121111 0.236088 0.012096
0.121667 0.212028 0.0119877
0.122222 0.201867 0.0118977
0.122778 0.181281 0.0117747
0.123333 0.17519 0.0117539
0.123889 0.159088 0.0116382
0.124444 0.146671 0.011564
0.125 0.115303 0.0113614
0.125556 0.100054 0.0112927
0.126111 0.0929148 0.0112317
0.126667 0.084822 0.0111822
0.127222 0.0621842 0.0110664
0.127778 0.042053 0.010947
0.128333 0.0330121 0.0108942
0.128889 0.0210181 0.0108479
0.129444 -0.00230297 0.0107136
0.13 0.000204273 0.0107363
0.130556 -0.0158833 0.0106367
0.131111 -0.029338 0.0105648
0.131667 -0.046751 0.0104809
0.132222 -0.0542573 0.0104367
0.132778 -0.0743894 0.0103179
0.133333 -0.0747167 0.0103208
0.133889 -0.0844532 0.0102668
0.134444 -0.0928596 0.0102025
0.135 -0.109222 0.0100894
0.135556 -0.11994 0.0100671
0.136111 -0.132306 0.0100063
0.136667 -0.15462 0.00987193
0.137222 -0.144974 0.0099205
0.137778 -0.158752 0.00982897
0.138333 -0.169102 0.0097655
0.138889 -0.187429 0.00971056
0.139444 -0.184254 0.00970486
0.14 -0.196212 0.00965365
0.140556 -0.20198 0.00959816
0.141111 -0.215515 0.00949566
0.141667 -0.213506 0.00952804
0.142222 -0.22599 0.00947436
0.142778 -0.235249 0.00943125
0.143333 -0.249762 0.00933481
0.143889 -0.257103 0.00927576
0.144444 -0.263146 0.00924831
0.145 -0.273745 0.00921757
0.145556 -0.264154 0.00924604
0.146111 -0.28062 0.0091572
0.146667 -0.291279 0.00909654
0.147222 -0.296978 0.00907236
0.147778 -0.301463 0.00905645
0.148333 -0.309733 0.00900298
0.148889 -0.316275 0.0089741
0.149444 -0.320401 0.00892897
0.15 -0.338237 0.00885202
0.150556 -0.338625 0.00885205
0.151111 -0.346441 0.00880767
0.151667 -0.352527 0.00875302
0.152222 -0.35024 0.00877841
0.152778 -0.360597 0.00872006
0.153333 -0.371063 0.00867274
0.153889 -0.365215 0.0087044
0.154444 -0.377709 0.00862944
0.155 -0.379778 0.00861235
0.155556 -0.385152 0.00859421
0.156111 -0.391273 0.00854123
0.156667 -0.39714 0.00853311
0.157222 -0.402435 0.00848709
0.157778 -0.407989 0.00846358
0.158333 -0.401688 0.0084785
0.158889 -0.414372 0.00841915
0.159444 -0.419088 0.00839323
0.16 -0.41121 0.00841995
0.160556 -0.426381 0.00833808
0.161111 -0.426864 0.00834107
0.161667 -0.436525 0.00830191
0.162222 -0.43455 0.00828395
0.162778 -0.434035 0.00827283
0.163333 -0.435993 0.00826325
0.163889 -0.43764 0.00823826
0.164444 -0.440147 0.00821803
0.165 -0.449259 0.00820509
0.165556 -0.441622 0.0081918
0.166111 -0.44773 0.00817326
0.166667 -0.450903 0.00815571
0.167222 -0.453197 0.00810791
0.167778 -0.456093 0.00808277
0.168333 -0.455708 0.00808453
0.168889 -0.455445 0.008104
0.169444 -0.462149 0.00801929
0.17 -0.45719 0.00804859
0.170556 -0.464744 0.0080106
0.171111 -0.464507 0.00799617
0.171667 -0.463885 0.00798769
0.172222 -0.46338 0.00797726
0.172778 -0.464243 0.00796028
0.173333 -0.466992 0.00793563
0.173889 -0.469005 0.00791577
0.174444 -0.46772 0.00791527
0.175 -0.467913 0.00789852
0.175556 -0.466626 0.00787942
0.176111 -0.469326 0.00785716
0.176667 -0.474589 0.00783058
0.177222 -0.473179 0.00782958
0.177778 -0.472253 0.00782694
0.178333 -0.470458 0.00781047
0.178889 -0.472872 0.00778901
0.179444 -0.475621 0.00777689
0.18 -0.471265 0.00776141
0.180556 -0.474807 0.00774833
0.181111 -0.482162 0.0077306
0.181667 -0.476513 0.00770434
0.182222 -0.475989 0.00766867
0.182778 -0.473738 0.00768857
0.183333 -0.469212 0.00769297
0.183889 -0.477481 0.00763325
0.184444 -0.479873 0.00762598
0.185 -0.474114 0.00764458
0.185556 -0.474196 0.00763434
0.186111 -0.477116 0.00761837
0.186667 -0.478186 0.00758592
0.187222 -0.478021 0.00757881
0.187778 -0.480145 0.00756221
0.188333 -0.484804 0.00749733
0.188889 -0.484783 0.00751478
0.189444 -0.488731 0.00747362
0.19 -0.485852 0.00748023
0.190556 -0.481758 0.00748085
0.191111 -0.485982 0.00744772
0.191667 -0.489136 0.00744097
0.192222 -0.483314 0.00743566
0.192778 -0.488887 0.00739452
0.193333 -0.495307 0.00737344
0.193889 -0.492347 0.00736978
0.194444 -0.492361 0.0073853
0.195 -0.497068 0.00733752
0.195556 -0.491815 0.00733199
0.196111 -0.504729 0.00727513
0.196667 -0.497593 0.00731338
0.197222 -0.498682 0.00730184
0.197778 -0.500001 0.00728486
0.198333 -0.504045 0.00724939
0.198889 -0.506741 0.00724519
0.199444 -0.507204 0.00722597
0.2 -0.509481 0.00721576
0.200556 -0.508338 0.00719537
0.201111 -0.510277 0.00716749
0.201667 -0.517865 0.00715795
0.202222 -0.514258 0.0071703
0.202778 -0.515751 0.00713897
0.203333 -0.517465 0.00712026
0.203889 -0.520286 0.00710238
0.204444 -0.524141 0.00707994
0.205 -0.524208 0.00708614
0.205556 -0.524455 0.00706832
0.206111 -0.527947 0.00706508
0.206667 -0.53443 0.00700782
0.207222 -0.542361 0.00698003
0.207778 -0.538804 0.00699723
0.208333 -0.543646 0.00697071
0.208889 -0.54547 0.00697086
0.209444 -0.551898 0.00691869
0.21 -0.551769 0.00693112
0.210556 -0.553177 0.00692027
0.211111 -0.55081 0.00691928
0.211667 -0.558789 0.00688299
0.212222 -0.559385 0.00687585
0.212778 -0.563226 0.00686506
0.213333 -0.562776 0.00685854
0.213889 -0.571009 0.00682095
0.214444 -0.567864 0.00684641
0.215 -0.577526 0.00679295
0.215556 -0.574759 0.00679161
0.216111 -0.573015 0.00681437
0.216667 -0.580603 0.00678192
0.217222 -0.587637 0.00676118
0.217778 -0.583027 0.00677447
0.218333 -0.593109 0.00674502
0.218889 -0.59759 0.00671869
0.219444 -0.60624 0.00667765
0.22 -0.601891 0.00671658
0.220556 -0.603694 0.00669999
0.221111 -0.608258 0.00666861
0.221667 -0.613246 0.00666062
0.222222 -0.612157 0.00666434
0.222778 -0.621014 0.00664254
0.223333 -0.620205 0.00664181
0.223889 -0.628478 0.00660613
0.224444 -0.632131 0.0065901
0.225 -0.634135 0.0065901
0.225556 -0.634216 0.00659095
0.226111 -0.64007 0.00655942
0.226667 -0.641006 0.00656845
0.227222 -0.648709 0.00654944
0.227778 -0.649158 0.00654492
0.228333 -0.650015 0.00654984
0.228889 -0.652862 0.00652644
0.229444 -0.65971 0.00651007
0.23 -0.662643 0.00649781
0.230556 -0.670398 0.00647612
0.231111 -0.671441 0.00648022
0.231667 -0.671357 0.00650413
0.232222 -0.673734 0.00649136
0.232778 -0.683731 0.00646657
0.233333 -0.680174 0.00647987
0.233889 -0.68928 0.00643031
0.234444 -0.691376 0.00643521
0.235 -0.691035 0.00644202
0.235556 -0.691099 0.00645816
0.236111 -0.698151 0.00642788
0.236667 -0.700076 0.00642719
0.237222 -0.704817 0.00641084
0.237778 -0.707221 0.00639639
0.238333 -0.712997 0.00640226
0.238889 -0.710914 0.00641952
0.239444 -0.721495 0.00636822
0.24 -0.722522 0.00638398
0.240556 -0.723403 0.00636308
0.241111 -0.721461 0.00639241
0.241667 -0.728631 0.00637417
0.242222 -0.72915 0.00637547
0.242778 -0.731545 0.00638359
0.243333 -0.735703 0.0063543
0.243889 -0.735566 0.00637211
0.244444 -0.742313 0.00636316
0.245 -0.737221 0.00637556
0.245556 -0.740287 0.00636098
0.246111 -0.747121 0.00634702
0.246667 -0.744009 0.0063733
0.247222 -0.745347 0.0063454
0.247778 -0.747939 0.0063393
0.248333 -0.749228 0.00634439
0.248889 -0.748148 0.00634398
0.249444 -0.743052 0.00636552
0.25 -0.745321 0.00635418
0.250556 -0.746288 0.00635244
0.251111 -0.749478 0.00634655
0.251667 -0.745573 0.00635039
0.252222 -0.745498 0.00633632
0.252778 -0.744498 0.00635353
0.253333 -0.740485 0.0063453
0.253889 -0.740518 0.00635159
0.254444 -0.738009 0.00637694
0.255 -0.74217 0.00633796
0.255556 -0.73287 0.00636575
0.256111 -0.736178 0.00634537
0.256667 -0.732083 0.00637288
0.257222 -0.72961 0.0063921
0.257778 -0.728542 0.00639129
0.258333 -0.731705 0.00636562
0.258889 -0.722582 0.00639942
0.259444 -0.724511 0.00639058
0.26 -0.714983 0.00640356
0.260556 -0.717393 0.00639836
0.261111 -0.714874 0.00638708
0.261667 -0.711002 0.00640276
0.262222 -0.707961 0.00641136
0.262778 -0.701754 0.00642318
0.263333 -0.697745 0.00643437
0.263889 -0.697963 0.00642266
0.264444 -0.696358 0.00643443
0.265 -0.68546 0.00647198
0.265556 -0.682005 0.00645911
0.266111 -0.679582 0.0064807
0.266667 -0.680929 0.0064943
0.267222 -0.67797 0.00648325
0.267778 -0.670954 0.00649153
0.268333 -0.673054 0.00647261
0.268889 -0.667125 0.00649775
0.269444 -0.662258 0.00651956
0.27 -0.658277 0.00651645
0.270556 -0.652006 0.00652487
0.271111 -0.655641 0.00652057
0.271667 -0.647949 0.0065502
0.272222 -0.644702 0.00655916
0.272778 -0.644721 0.0065274
0.273333 -0.637673 0.00656634
0.273889 -0.63554 0.0065783
0.274444 -0.635615 0.00659237
0.275 -0.631173 0.00658674
0.275556 -0.630747 0.00659601
0.276111 -0.625344 0.00660626
0.276667 -0.619017 0.0066416
0.277222 -0.621476 0.00661989
0.277778 -0.611466 0.00666585
0.278333 -0.612662 0.0066525
0.278889 -0.604253 0.00670327
0.279444 -0.605225 0.00669299
0.28 -0.596197 0.00671632
0.280556 -0.601208 0.00670557
0.281111 -0.595317 0.00672194
0.281667 -0.592435 0.0067327
0.282222 -0.584218 0.00677708
0.282778 -0.582596 0.00677545
0.283333 -0.579926 0.00680666
0.283889 -0.573164 0.00682733
0.284444 -0.570741 0.00681677
0.285 -0.578023 0.00678907
0.285556 -0.562167 0.00685918
0.286111 -0.569397 0.00683373
0.286667 -0.561246 0.006873
0.287222 -0.558002 0.00690217
0.287778 -0.559976 0.00688985
0.288333 -0.5552 0.00692173
0.288889 -0.549177 0.00691934
0.289444 -0.552307 0.00693807
0.29 -0.548818 0.00694037
0.290556 -0.544747 0.00695666
0.291111 -0.541358 0.00698116
0.291667 -0.532206 0.00702964
0.292222 -0.534398 0.00702647
0.292778 -0.540744 0.00700033
0.293333 -0.527024 0.0070656
0.293889 -0.527115 0.00708188
0.294444 -0.525305 0.0070642
0.295 -0.519526 0.00712199
0.295556 -0.522625 0.00709711
0.296111 -0.516679 0.00714756
0.296667 -0.522237 0.00710853
0.297222 -0.515119 0.00715867
0.297778 -0.513908 0.00717256
0.298333 -0.509606 0.00718238
0.298889 -0.509374 0.00719589
0.299444 -0.512929 0.00719196
0.3 -0.505692 0.00721772
0.300556 -0.503295 0.00726096
0.301111 -0.49905 0.00727585
0.301667 -0.496397 0.00729798
0.302222 -0.491264 0.00729755
0.302778 -0.492667 0.00733722
0.303333 -0.493218 0.00733123
0.303889 -0.494931 0.00732993
0.304444 -0.496691 0.00735042
0.305 -0.48784 0.00740574
0.305556 -0.492817 0.00739273
0.306111 -0.498662 0.00734834
0.306667 -0.487165 0.00743425
0.307222 -0.4801 0.0074552
0.307778 -0.485471 0.00746666
0.308333 -0.479929 0.00747736
0.308889 -0.492994 0.00744419
0.309444 -0.484265 0.00749816
0.31 -0.485151 0.00749631
0.310556 -0.480671 0.00753543
0.311111 -0.487304 0.00751196
0.311667 -0.481056 0.00754532
0.312222 -0.478083 0.00756693
0.312778 -0.480177 0.00757474
0.313333 -0.467745 0.0076338
0.313889 -0.482616 0.00758338
0.314444 -0.478031 0.00763535
0.315 -0.483168 0.00760543
0.315556 -0.47389 0.00768581
0.316111 -0.474852 0.0076795
0.316667 -0.47721 0.0076692
0.317222 -0.472342 0.00770764
0.317778 -0.470274 0.00771828
0.318333 -0.468724 0.0077515
0.318889 -0.468052 0.00778653
0.319444 -0.473071 0.00777095
0.32 -0.478478 0.00775894
0.320556 -0.467232 0.00780838
0.321111 -0.471555 0.00780959
0.321667 -0.468779 0.00783741
0.322222 -0.472634 0.00783006
0.322778 -0.46645 0.00788404
0.323333 -0.480012 0.00782236
0.323889 -0.465982 0.00792395
0.324444 -0.463894 0.00791332
0.325 -0.466353 0.00791012
0.325556 -0.46433 0.00794441
0.326111 -0.469038 0.00792621
0.326667 -0.465235 0.00795487
0.327222 -0.472076 0.00794566
0.327778 -0.466516 0.00798059
0.328333 -0.463301 0.00800607
0.328889 -0.459661 0.00802801
0.329444 -0.4538 0.00805924
0.33 -0.460066 0.00804026
0.330556 -0.466038 0.00804473
0.331111 -0.46285 0.00805961
0.331667 -0.448862 0.00814032
0.332222 -0.449524 0.00812937
0.332778 -0.461201 0.00809679
0.333333 -0.448696 0.00814928
0.333889 -0.453292 0.00815085
0.334444 -0.443863 0.00819347
0.335 -0.44274 0.00819406
0.335556 -0.443719 0.00822458
0.336111 -0.435453 0.00826666
0.336667 -0.436671 0.00825751
0.337222 -0.431625 0.00827519
0.337778 -0.428163 0.00829879
0.338333 -0.423746 0.008331
0.338889 -0.423185 0.00836814
0.339444 -0.426851 0.0083603
0.34 -0.416149 0.00838206
0.340556 -0.409531 0.00845284
0.341111 -0.402981 0.00847687
0.341667 -0.414759 0.00841992
0.342222 -0.400577 0.00849122
0.342778 -0.390424 0.00853387
0.343333 -0.389677 0.0085608
0.343889 -0.386109 0.00857536
0.344444 -0.375736 0.00864033
0.345 -0.373581 0.00865581
0.345556 -0.379897 0.00862118
0.346111 -0.362775 0.00871596
0.346667 -0.368354 0.00866622
0.347222 -0.36242 0.00870939
0.347778 -0.354142 0.00878373
0.348333 -0.338161 0.00886023
0.348889 -0.335877 0.00885784
0.349444 -0.328459 0.00890843
0.35 -0.319598 0.00895506
0.350556 -0.326459 0.00889304
0.351111 -0.317757 0.00895989
0.351667 -0.307016 0.00900825
0.352222 -0.301644 0.00904589
0.352778 -0.289511 0.00911637
0.353333 -0.283981 0.00914664
0.353889 -0.269117 0.00920615
0.354444 -0.271441 0.00922347
0.355 -0.255297 0.00931914
0.355556 -0.255806 0.00929446
0.356111 -0.252323 0.009323
0.356667 -0.237638 0.0094298
0.357222 -0.230786 0.00945852
0.357778 -0.220768 0.00949443
0.358333 -0.217443 0.00954099
0.358889 -0.200664 0.00962081
0.359444 -0.191756 0.00965338
0.36 -0.191643 0.00969092
0.360556 -0.176435 0.00975745
0.361111 -0.164902 0.00980165
0.361667 -0.158249 0.00986129
0.362222 -0.154432 0.00986476
0.362778 -0.138451 0.00996239
0.363333 -0.129188 0.0100132
0.363889 -0.126397 0.0100346
0.364444 -0.107932 0.0101272
0.365 -0.0965199 0.0102017
0.365556 -0.0840454 0.0102467
0.366111 -0.0832081 0.0102686
0.366667 -0.0695552 0.0103471
0.367222 -0.057245 0.0103762
0.367778 -0.0375587 0.0105205
0.368333 -0.0271106 0.0105664
0.368889 -0.0181173 0.0106093
0.369444 -0.00379113 0.0107133
0.37 -0.000702393 0.0107109
0.370556 0.028182 0.0108729
0.371111 0.0411098 0.0109321
0.371667 0.0479506 0.0109687
0.372222 0.0654589 0.0110764
0.372778 0.0855694 0.0111978
0.373333 0.0980597 0.011282
0.373889 0.103233 0.0113152
0.374444 0.124142 0.0114442
0.375 0.13384 0.0114882
0.375556 0.152062 0.0116067
0.376111 0.165892 0.0116692
0.376667 0.184818 0.011796
0.377222 0.210721 0.0119427
0.377778 0.238115 0.0121105
0.378333 0.223782 0.0120427
0.378889 0.251518 0.0121925
0.379444 0.272077 0.0123051
0.38 0.291141 0.012441
0.380556 0.297373 0.0125221
0.381111 0.328486 0.012722
0.381667 0.341632 0.0127991
0.382222 0.355941 0.0129194
0.382778 0.383216 0.0130967
0.383333 0.394017 0.0131917
0.383889 0.41145 0.0133018
0.384444 0.443592 0.0135223
0.385 0.46591 0.0136911
0.385556 0.476634 0.0138145
0.386111 0.496916 0.0139674
0.386667 0.526533 0.0141727
0.387222 0.542248 0.0143213
0.387778 0.56189 0.0145054
0.388333 0.593086 0.0147228
0.388889 0.606993 0.0148481
0.389444 0.63387 0.0150364
0.39 0.664351 0.0153559
0.390556 0.677778 0.0154721
0.391111 0.697243 0.0156616
0.391667 0.715486 0.0158184
0.392222 0.741132 0.0160497
0.392778 0.765425 0.0163089
0.393333 0.782509 0.0164598
0.393889 0.800993 0.0166688
0.394444 0.829143 0.0169342
0.395 0.847929 0.0171012
0.395556 0.876522 0.0174269
0.396111 0.906785 0.0177298
0.396667 0.923626 0.01789
0.397222 0.932352 0.0180544
0.397778 0.960204 0.0183307
0.398333 0.984987 0.0186133
0.398889 1.01118 0.0188378
0.399444 1.03856 0.0191874
0.4 1.06767 0.0195107
0.400556 1.06746 0.0196154
0.401111 1.09519 0.0199144
0.401667 1.10296 0.0200221
0.402222 1.13475 0.0203857
0.402778 1.15986 0.020804
0.403333 1.19169 0.021113
0.403889 1.20263 0.0212414
0.404444 1.23772 0.0217069
0.405 1.23531 0.0216149
0.405556 1.27577 0.0221456
0.406111 1.30355 0.0225084
0.406667 1.31753 0.0226743
0.407222 1.37245 0.023359
0.407778 1.35367 0.0231679
0.408333 1.36957 0.0235732
0.408889 1.39303 0.0237479
0.409444 1.43732 0.0243824
0.41 1.46342 0.0247435
0.410556 1.48988 0.025205
0.411111 1.49966 0.0252142
0.411667 1.50216 0.0254129
0.412222 1.55931 0.0261483
0.412778 1.57542 0.0263913
0.413333 1.57266 0.0264752
0.413889 1.59916 0.0267715
0.414444 1.631 0.0271864
0.415 1.65637 0.0276025
0.415556 1.68864 0.0279542
0.416111 1.68282 0.0281509
0.416667 1.7109 0.0285063
0.417222 1.7628 0.0291998
0.417778 1.76082 0.0293237
0.418333 1.78878 0.0295545
0.418889 1.81322 0.0300683
0.419444 1.85629 0.0307725
0.42 1.86593 0.0309193
0.420556 1.92339 0.0317425
0.421111 1.91456 0.0315453
0.421667 1.95998 0.0324219
0.422222 1.97545 0.0327607
0.422778 1.98959 0.0329417
0.423333 1.99781 0.0331884
0.423889 2.05175 0.033738
0.424444 2.09467 0.0345087
0.425 2.08585 0.0347003
0.425556 2.11563 0.034953
0.426111 2.1534 0.0354367
0.426667 2.199 0.0364568
0.427222 2.19745 0.036328
0.427778 2.23916 0.0368648
0.428333 2.22866 0.0368642
0.428889 2.30001 0.0382234
0.429444 2.33281 0.0385999
0.43 2.31999 0.0383466
0.430556 2.33816 0.0387457
0.431111 2.36877 0.039036
0.431667 2.4035 0.0399868
0.432222 2.43635 0.0404267
0.432778 2.50733 0.0413629
0.433333 2.54072 0.0422934
0.433889 2.52821 0.0419279
0.434444 2.55097 0.0422096
0.435 2.56756 0.0424384
0.435556 2.60427 0.0431665
0.436111 2.68062 0.044358
0.436667 2.73518 0.0453273
0.437222 2.69549 0.0441288
0.437778 2.71466 0.0448222
0.438333 2.79785 0.0468129
0.438889 2.79809 0.0463424
0.439444 2.86463 0.0473667
0.44 2.89178 0.0479777
0.440556 2.91376 0.0482933
0.441111 2.91528 0.0487017
0.441667 2.97599 0.04934
0.442222 3.02611 0.0505934
0.442778 3.01634 0.050168
0.443333 3.0669 0.0507793
0.443889 3.12319 0.0517519
0.444444 3.09224 0.0509668
0.445 3.1524 0.0519524
0.445556 3.2002 0.052775
0.446111 3.2492 0.0540817
0.446667 3.297 0.0547601
0.447222 3.31092 0.0552286
0.447778 3.28964 0.0543563
0.448333 3.34441 0.0553573
0.448889 3.36591 0.0548272
0.449444 3.42808 0.0561595
0.45 3.48435 0.0571398
0.450556 3.527 0.0588959
0.451111 3.49143 0.0573579
0.451667 3.5536 0.058687
0.452222 3.64954 0.0604901
0.452778 3.62818 0.0599359
0.453333 3.64959 0.0605712
0.453889 3.68835 0.0613328
0.454444 3.66512 0.0604593
0.455 3.7722 0.0623591
0.455556 3.81753 0.0630713
0.456111 3.80997 0.0626628
0.456667 3.83711 0.0628941
0.457222 3.93433 0.0652367
0.457778 4.01088 0.0658131
0.458333 4.00063 0.0651448
0.458889 4.03908 0.0676217
0.459444 4.0148 0.0650601
0.46 4.11219 0.067309
0.460556 4.10209 0.0671339
0.461111 4.15723 0.0672245
0.461667 4.16476 0.0679964
0.462222 4.29834 0.0713095
0.462778 4.26012 0.0698336
0.463333 4.35044 0.0711335
0.463889 4.33346 0.0708153
0.464444 4.41806 0.0723368
0.465 4.43666 0.0721484
0.465556 4.43912 0.0725036
0.466111 4.5039 0.0732926
0.466667 4.55088 0.0748767
0.467222 4.51015 0.0725824
0.467778 4.53835 0.0726363
0.468333 4.61325 0.074804
0.468889 4.69162 0.0754716
0.469444 4.73146 0.0764561
0.47 4.73815 0.0757222
0.470556 4.76923 0.0774922
0.471111 4.8167 0.0781824
0.471667 4.86371 0.079521
0.472222 4.90113 0.0794292
0.472778 4.93722 0.08102
0.473333 4.91776 0.078709
0.473889 4.94662 0.0796269
0.474444 4.99981 0.0800522
0.475 5.04967 0.0811257
0.475556 5.09549 0.0816883
0.476111 5.05647 0.0806653
0.476667 5.14454 0.0818991
0.477222 5.20169 0.0847747
0.477778 5.25966 0.0844341
0.478333 5.24488 0.0841192
0.478889 5.24748 0.0833456
0.479444 5.29534 0.0863468
0.48 5.33662 0.0857677
0.480556 5.35655 0.0861719
0.481111 5.32691 0.0847507
0.481667 5.36606 0.08437
0.482222 5.40481 0.0850597
0.482778 5.43022 0.0868963
0.483333 5.42851 0.0865844
0.483889 5.45201 0.0875496
0.484444 5.53739 0.0880735
0.485 5.44769 0.0849619
0.485556 5.51124 0.0864191
0.486111 5.51639 0.0866658
0.486667 5.62216 0.0886583
0.487222 5.60933 0.0889767
0.487778 5.58858 0.0885529
0.488333 5.64818 0.0894546
0.488889 5.63152 0.089663
0.489444 5.62481 0.0896797
0.49 5.71578 0.0898006
0.490556 5.66104 0.0893457
0.491111 5.76995 0.0937719
0.491667 5.70773 0.0883628
0.492222 5.75281 0.090191
0.492778 5.74787 0.0922446
0.493333 5.66481 0.0878054
0.493889 5.72848 0.0901344
0.494444 5.68696 0.0881998
0.495 5.79907 0.0910217
0.495556 5.80963 0.0925619
0.496111 5.84491 0.0945281
0.496667 5.80725 0.092288
0.497222 5.76661 0.0908048
0.497778 5.81684 0.0930419
0.498333 5.80461 0.0916867
0.498889 5.69198 0.0894094
0.499444 5.78689 0.0912142
0.5 5.83661 0.0922819
0.500556 5.83439 0.0929892
0.501111 5.7101 0.0880823
0.501667 5.75531 0.0914904
0.502222 5.81891 0.0929624
0.502778 5.80661 0.092413
0.503333 5.75516 0.0907516
0.503889 5.75872 0.0907449
0.504444 5.76823 0.0914677
0.505 5.76688 0.0905461
0.505556 5.79706 0.0915471
0.506111 5.79448 0.0923736
0.506667 5.7218 0.0901911
0.507222 5.83898 0.0954914
0.507778 5.72057 0.0904157
0.508333 5.68942 0.088336
0.508889 5.63944 0.0883345
0.509444 5.65878 0.0905279
0.51 5.61488 0.0879082
0.510556 5.66641 0.0889999
0.511111 5.60943 0.0909375
0.511667 5.5872 0.0879803
0.512222 5.59663 0.0880808
0.512778 5.50672 0.0868655
0.513333 5.5183 0.0878409
0.513889 5.5059 0.0884131
0.514444 5.4878 0.0882172
0.515 5.50351 0.086943
0.515556 5.48813 0.0884611
0.516111 5.36904 0.0846058
0.516667 5.38868 0.0853391
0.517222 5.47161 0.0871715
0.517778 5.34231 0.0849101
0.518333 5.36955 0.0858713
0.518889 5.31012 0.0854315
0.519444 5.27443 0.0837073
0.52 5.29643 0.0845383
0.520556 5.21952 0.0824046
0.521111 5.25639 0.0853237
0.521667 5.21574 0.0849523
0.522222 5.12496 0.0820856
0.522778 5.13518 0.0816034
0.523333 5.06803 0.0812537
0.523889 5.05803 0.0813287
0.524444 5.036 0.0809271
0.525 4.94159 0.0791989
0.525556 5.04317 0.0817014
0.526111 4.97617 0.079912
0.526667 4.93622 0.080421
0.527222 4.88328 0.0789962
0.527778 4.82281 0.0778338
0.528333 4.74439 0.0761336
0.528889 4.77648 0.0784289
0.529444 4.70122 0.0755945
0.53 4.70568 0.076182
0.530556 4.6351 0.0745531
0.531111 4.63116 0.074089
0.531667 4.55209 0.0730593
0.532222 4.53291 0.0735569
0.532778 4.49988 0.0732615
0.533333 4.50485 0.0735216
0.533889 4.39066 0.0707374
0.534444 4.44444 0.072758
0.535 4.36763 0.0717428
0.535556 4.30642 0.0686787
0.536111 4.31084 0.0693206
0.536667 4.2188 0.0676811
0.537222 4.22127 0.0696604
0.537778 4.18447 0.0682517
0.538333 4.14325 0.0674948
0.538889 4.17054 0.0684635
0.539444 4.06967 0.0665282
0.54 4.03187 0.0659268
0.540556 4.01343 0.0657777
0.541111 3.95272 0.0646289
0.541667 3.98108 0.065824
0.542222 3.94353 0.0656281
0.542778 3.87229 0.064096
0.543333 3.83874 0.0630619
0.543889 3.86629 0.0640944
0.544444 3.75148 0.0620406
0.545 3.70186 0.0611897
0.545556 3.7267 0.0619519
0.546111 3.67193 0.0613357
0.546667 3.60389 0.0592421
0.547222 3.6181 0.0595707
0.547778 3.593 0.0590573
0.548333 3.51717 0.0580218
0.548889 3.47906 0.0570158
0.549444 3.43124 0.0562604
0.55 3.42524 0.0567754
0.550556 3.37675 0.0556665
0.551111 3.38295 0.0559694
0.551667 3.31847 0.0551741
0.552222 3.30078 0.0554643
0.552778 3.19215 0.0523513
0.553333 3.21073 0.0533881
0.553889 3.19534 0.0529765
0.554444 3.10686 0.0519714
0.555 3.09552 0.0510169
0.555556 3.11537 0.0519665
0.556111 3.06139 0.0505356
0.556667 3.02702 0.0500997
0.557222 3.01079 0.0502423
0.557778 2.96963 0.0490451
0.558333 2.95435 0.0489559
0.558889 2.87671 0.0477947
0.559444 2.91738 0.0483841
0.56 2.80276 0.0466098
0.560556 2.78479 0.0459845
0.561111 2.78222 0.0461885
0.561667 2.76173 0.0461159
0.562222 2.67231 0.0443216
0.562778 2.68072 0.0440883
0.563333 2.62694 0.0436524
0.563889 2.62487 0.0436482
0.564444 2.5938 0.043296
0.565 2.55734 0.0422229
0.565556 2.53162 0.0420161
0.566111 2.4909 0.041062
0.566667 2.44828 0.0404225
0.567222 2.44593 0.040303
0.567778 2.44024 0.0402549
0.568333 2.39619 0.0398445
0.568889 2.35036 0.0388574
0.569444 2.3391 0.0384475
0.57 2.29586 0.0378148
0.570556 2.29819 0.0382478
0.571111 2.27698 0.0375616
0.571667 2.18809 0.0364225
0.572222 2.23897 0.0371002
0.572778 2.17694 0.0359298
0.573333 2.14926 0.0355543
0.573889 2.11497 0.034949
0.574444 2.05875 0.0341378
0.575 2.03367 0.0337566
0.575556 2.06475 0.0339658
0.576111 2.01446 0.033485
0.576667 1.98074 0.0327564
0.577222 1.96182 0.0324105
0.577778 1.92992 0.0318601
0.578333 1.8976 0.0315844
0.578889 1.90631 0.0316531
0.579444 1.88127 0.0311624
0.58 1.87048 0.0309433
0.580556 1.84513 0.0305266
0.581111 1.79893 0.0297913
0.581667 1.7811 0.02942
0.582222 1.76314 0.029091
0.582778 1.72565 0.0286955
0.583333 1.70334 0.0282958
0.583889 1.67474 0.0279505
0.584444 1.6685 0.0277642
0.585 1.64167 0.0272865
0.585556 1.60465 0.0267874
0.586111 1.60052 0.0266945
0.586667 1.57217 0.0264165
0.587222 1.51274 0.0256428
0.587778 1.5134 0.0254952
0.588333 1.50138 0.0252859
0.588889 1.47221 0.0248548
0.589444 1.46243 0.0246594
0.59 1.41691 0.0241503
0.590556 1.40665 0.023877
0.591111 1.41572 0.0239239
0.591667 1.37572 0.023526
0.592222 1.3454 0.0231305
0.592778 1.32077 0.0228831
0.593333 1.30121 0.0224393
0.593889 1.26956 0.0221413
0.594444 1.25259 0.021913
0.595 1.22559 0.0215047
0.595556 1.20058 0.0211787
0.596111 1.18891 0.0210029
0.596667 1.1666 0.0207403
0.597222 1.14042 0.0204668
0.597778 1.11957 0.0201871
0.598333 1.11005 0.0200107
0.598889 1.07968 0.0197011
0.599444 1.05009 0.0193848
0.6 1.03275 0.0191586
0.600556 1.00564 0.0188389
0.601111 0.991662 0.0186496
0.601667 0.950148 0.0182584
0.602222 0.924232 0.0179609
0.602778 0.926982 0.0179584
0.603333 0.879578 0.0174599
0.603889 0.871939 0.0173626
0.604444 0.848698 0.0171551
0.605 0.812101 0.0168243
0.605556 0.79536 0.0166335
0.606111 0.775657 0.0163771
0.606667 0.76403 0.0162998
0.607222 0.73466 0.0160237
0.607778 0.727866 0.0159006
0.608333 0.704258 0.0157452
0.608889 0.676912 0.0154734
0.609444 0.652573 0.015258
0.61 0.629761 0.0150981
0.610556 0.604453 0.0148326
0.611111 0.602127 0.0147954
0.611667 0.567243 0.014521
0.612222 0.541509 0.0143103
0.612778 0.528549 0.0142053
0.613333 0.504413 0.0140038
0.613889 0.48119 0.0138297
0.614444 0.457839 0.0135998
0.615 0.436469 0.0134961
0.615556 0.413392 0.0133295
0.616111 0.408527 0.0132804
0.616667 0.385558 0.0130989
0.617222 0.363114 0.012985
0.617778 0.337779 0.0127904
0.618333 0.31537 0.0126406
0.618889 0.300573 0.0125295
0.619444 0.293384 0.0125231
0.62 0.263537 0.0122855
0.620556 0.254559 0.012226
0.621111 0.238588 0.0121195
0.621667 0.218912 0.0119937
0.622222 0.19556 0.011853
0.622778 0.18052 0.0117606
0.623333 0.154959 0.0116109
0.623889 0.155144 0.0116359
0.624444 0.13606 0.011504
0.625 0.125321 0.0114419
0.625556 0.102953 0.011311
0.626111 0.0882988 0.0112269
0.626667 0.0787704 0.0111632
0.627222 0.0692914 0.0111246
0.627778 0.0432118 0.0109534
0.628333 0.0289293 0.0108786
0.628889 0.0279588 0.0108979
0.629444 0.0147052 0.010824
0.63 -0.00699305 0.0106727
0.630556 -0.0109995 0.0106608
0.631111 -0.0286873 0.0105642
0.631667 -0.045669 0.0104661
0.632222 -0.0578409 0.0104155
0.632778 -0.0648361 0.0103712
0.633333 -0.0843985 0.0102576
0.633889 -0.0950781 0.0102177
0.634444 -0.101858 0.010178
0.635 -0.109224 0.0101432
0.635556 -0.121096 0.0100586
0.636111 -0.127891 0.0100087
0.636667 -0.142693 0.0099376
0.637222 -0.144696 0.00992302
0.637778 -0.148047 0.00992548
0.638333 -0.164266 0.00983009
0.638889 -0.182031 0.00971644
0.639444 -0.188458 0.00969359
0.64 -0.190369 0.00968563
0.640556 -0.203928 0.00960166
0.641111 -0.208173 0.00958476
0.641667 -0.212781 0.00953543
0.642222 -0.218591 0.00953289
0.642778 -0.238054 0.00940503
0.643333 -0.246383 0.00934051
0.643889 -0.246544 0.00936108
0.644444 -0.258142 0.00929959
0.645 -0.271516 0.00921221
0.645556 -0.278989 0.00917824
0.646111 -0.284607 0.00916081
0.646667 -0.288814 0.00912338
0.647222 -0.302396 0.00905007
0.647778 -0.305654 0.00903006
0.648333 -0.309738 0.00899929
0.648889 -0.317516 0.00896615
0.649444 -0.329502 0.00887682
0.65 -0.336209 0.00886123
0.650556 -0.333235 0.00886411
0.651111 -0.344848 0.00880499
0.651667 -0.350908 0.00877272
0.652222 -0.36317 0.00873534
0.652778 -0.352556 0.00875235
0.653333 -0.367256 0.00869514
0.653889 -0.36504 0.00869916
0.654444 -0.369226 0.00866093
0.655 -0.384408 0.00859676
0.655556 -0.382535 0.00858848
0.656111 -0.395738 0.00853133
0.656667 -0.392846 0.0085302
0.657222 -0.402621 0.00848715
0.657778 -0.411087 0.00842459
0.658333 -0.409865 0.00843481
0.658889 -0.410523 0.00845834
0.659444 -0.410826 0.00841222
0.66 -0.413851 0.00838725
0.660556 -0.420805 0.00834825
0.661111 -0.432309 0.00830627
0.661667 -0.431305 0.00830119
0.662222 -0.433389 0.00828737
0.662778 -0.434382 0.0082425
0.663333 -0.435598 0.00825513
0.663889 -0.444097 0.00822506
0.664444 -0.450032 0.0081733
0.665 -0.448221 0.00818295
0.665556 -0.447227 0.00818985
0.666111 -0.453696 0.00812001
0.666667 -0.455378 0.00810628
0.667222 -0.45242 0.0081309
0.667778 -0.455908 0.00808065
0.668333 -0.458501 0.00807905
0.668889 -0.456264 0.00808559
0.669444 -0.465912 0.00802345
0.67 -0.457864 0.0080593
0.670556 -0.459628 0.00803343
0.671111 -0.460363 0.00802366
0.671667 -0.466016 0.00797242
0.672222 -0.470344 0.00794832
0.672778 -0.471196 0.00793172
0.673333 -0.471072 0.00790957
0.673889 -0.466855 0.00793984
0.674444 -0.465835 0.00791135
0.675 -0.475879 0.0078621
0.675556 -0.470904 0.00787198
0.676111 -0.463436 0.00789066
0.676667 -0.471055 0.00785209
0.677222 -0.472213 0.00782023
0.677778 -0.480684 0.00777282
0.678333 -0.468187 0.00781449
0.678889 -0.475911 0.00778871
0.679444 -0.476494 0.00775691
0.68 -0.473245 0.00776027
0.680556 -0.476637 0.00773649
0.681111 -0.472128 0.00773193
0.681667 -0.476258 0.00771135
0.682222 -0.472102 0.00771846
0.682778 -0.468329 0.00770671
0.683333 -0.483829 0.00764682
0.683889 -0.478154 0.00767109
0.684444 -0.474961 0.00763399
0.685 -0.480197 0.00762244
0.685556 -0.484546 0.00759021
0.686111 -0.481236 0.00759186
0.686667 -0.474384 0.00759437
0.687222 -0.476637 0.00760503
0.687778 -0.475029 0.00756783
0.688333 -0.479791 0.00755347
0.688889 -0.490576 0.00749149
0.689444 -0.481044 0.00750763
0.69 -0.485228 0.00748808
0.690556 -0.483713 0.00749486
0.691111 -0.483439 0.00746597
0.691667 -0.492899 0.0074135
0.692222 -0.494367 0.00739435
0.692778 -0.483796 0.00743036
0.693333 -0.492488 0.0073843
0.693889 -0.494207 0.00738197
0.694444 -0.495676 0.00736206
0.695 -0.493653 0.00734849
0.695556 -0.492962 0.007353
0.696111 -0.498915 0.00732117
0.696667 -0.494446 0.00730756
0.697222 -0.495473 0.00730998
0.697778 -0.506605 0.00724187
0.698333 -0.508636 0.00724323
0.698889 -0.505214 0.00722771
0.699444 -0.499192 0.00725542
0.7 -0.507271 0.00720549
0.700556 -0.507869 0.007219
0.701111 -0.512228 0.00718435
0.701667 -0.514629 0.007134
0.702222 -0.513992 0.00714632
0.702778 -0.515145 0.00714888
0.703333 -0.519394 0.00711297
0.703889 -0.522682 0.00709626
0.704444 -0.526033 0.00707928
0.705 -0.523195 0.00709783
0.705556 -0.533458 0.00702768
0.706111 -0.525445 0.00705012
0.706667 -0.532566 0.00702424
0.707222 -0.53848 0.00699607
0.707778 -0.541644 0.00699546
0.708333 -0.54537 0.00697265
0.708889 -0.544639 0.00695352
0.709444 -0.544728 0.00694556
0.71 -0.549885 0.00694269
0.710556 -0.549128 0.00692678
0.711111 -0.557707 0.00688529
0.711667 -0.553801 0.00690127
0.712222 -0.561632 0.00686553
0.712778 -0.556148 0.00688786
0.713333 -0.571354 0.00680798
0.713889 -0.569728 0.0068355
0.714444 -0.568913 0.00683466
0.715 -0.577561 0.00678108
0.715556 -0.58045 0.00678155
0.716111 -0.574649 0.00679652
0.716667 -0.591424 0.00673458
0.717222 -0.591005 0.00673814
0.717778 -0.585395 0.00676422
0.718333 -0.593746 0.00672918
0.718889 -0.593322 0.00673853
0.719444 -0.592532 0.00672898
0.72 -0.601609 0.00670268
0.720556 -0.603762 0.00669697
0.721111 -0.606274 0.00668137
0.721667 -0.61328 0.00666179
0.722222 -0.616985 0.00664674
0.722778 -0.61772 0.00664711
0.723333 -0.618373 0.00663518
0.723889 -0.623683 0.00662898
0.724444 -0.626821 0.00662289
0.725 -0.630144 0.00661836
0.725556 -0.637176 0.00658188
0.726111 -0.631977 0.00660472
0.726667 -0.640406 0.00658623
0.727222 -0.642514 0.00656346
0.727778 -0.642713 0.00658238
0.728333 -0.648931 0.0065489
0.728889 -0.65588 0.00652158
0.729444 -0.659341 0.00652152
0.73 -0.663354 0.00652799
0.730556 -0.67348 0.00647105
0.731111 -0.669455 0.00650548
0.731667 -0.669181 0.00651145
0.732222 -0.677231 0.00649863
0.732778 -0.680819 0.00645642
0.733333 -0.681419 0.0064732
0.733889 -0.684354 0.00644916
0.734444 -0.693861 0.00643702
0.735 -0.696375 0.00643516
0.735556 -0.698779 0.0064277
0.736111 -0.698982 0.00643981
0.736667 -0.700679 0.00643475
0.737222 -0.702835 0.00643756
0.737778 -0.707406 0.00641057
0.738333 -0.714175 0.00638978
0.738889 -0.714354 0.00639466
0.739444 -0.71699 0.00639436
0.74 -0.722612 0.00637195
0.740556 -0.720843 0.00639841
0.741111 -0.726995 0.00638623
0.741667 -0.726159 0.00639518
0.742222 -0.731188 0.00636905
0.742778 -0.738003 0.00636244
0.743333 -0.732031 0.00637597
0.743889 -0.734734 0.00636081
0.744444 -0.735671 0.00637286
0.745 -0.741571 0.00636481
0.745556 -0.7393 0.00635952
0.746111 -0.742784 0.00636457
0.746667 -0.741693 0.00636379
0.747222 -0.744388 0.00637102
0.747778 -0.751725 0.00632204
0.748333 -0.751376 0.00634713
0.748889 -0.748715 0.00635109
0.749444 -0.746722 0.00635431
0.75 -0.745486 0.00635942
0.750556 -0.746461 0.00636184
0.751111 -0.748698 0.00634756
0.751667 -0.746368 0.00634752
0.752222 -0.745306 0.00636294
0.752778 -0.747022 0.00635761
0.753333 -0.740857 0.00636339
0.753889 -0.741877 0.0063612
0.754444 -0.736857 0.00637958
0.755 -0.732701 0.00638886
0.755556 -0.736948 0.00636095
0.756111 -0.734896 0.00635353
0.756667 -0.733481 0.00637032
0.757222 -0.72758 0.0064032
0.757778 -0.728679 0.00638203
0.758333 -0.723167 0.00640736
0.758889 -0.727609 0.00636522
0.759444 -0.72246 0.00637858
0.76 -0.721288 0.00637151
0.760556 -0.723503 0.00635411
0.761111 -0.720307 0.00637673
0.761667 -0.707968 0.00641253
0.762222 -0.708624 0.00639987
0.762778 -0.699599 0.00644582
0.763333 -0.695593 0.00643656
0.763889 -0.696493 0.00643919
0.764444 -0.694601 0.00642425
0.765 -0.693293 0.00643343
0.765556 -0.686466 0.00646068
0.766111 -0.682564 0.0064872
0.766667 -0.683057 0.0064676
0.767222 -0.679346 0.00645715
0.767778 -0.670567 0.00648465
0.768333 -0.672406 0.00647942
0.768889 -0.66634 0.00652135
0.769444 -0.666629 0.00649817
0.77 -0.66238 0.00649909
0.770556 -0.655415 0.00653405
0.771111 -0.652531 0.00653001
0.771667 -0.654803 0.00650883
0.772222 -0.648028 0.00655104
0.772778 -0.645904 0.00654229
0.773333 -0.641516 0.00656613
0.773889 -0.637026 0.00657008
0.774444 -0.632432 0.0065884
0.775 -0.622173 0.00664072
0.775556 -0.626254 0.00663263
0.776111 -0.620952 0.00663717
0.776667 -0.618508 0.0066387
0.777222 -0.614052 0.00664728
0.777778 -0.615615 0.00665514
0.778333 -0.610522 0.00668045
0.778889 -0.603938 0.0066788
0.779444 -0.605169 0.00668347
0.78 -0.597591 0.00670259
0.780556 -0.596159 0.00670761
0.781111 -0.590024 0.0067516
0.781667 -0.588912 0.0067469
0.782222 -0.589993 0.00673935
0.782778 -0.583074 0.0067652
0.783333 -0.584686 0.00675044
0.783889 -0.578326 0.00679852
0.784444 -0.573286 0.00681207
0.785 -0.57316 0.00681718
0.785556 -0.567945 0.00683019
0.786111 -0.572304 0.00684007
0.786667 -0.565344 0.00685134
0.787222 -0.557941 0.00687595
0.787778 -0.557415 0.00690017
0.788333 -0.550093 0.0069173
0.788889 -0.54727 0.0069359
0.789444 -0.548284 0.00694905
0.79 -0.544527 0.00695249
0.790556 -0.552276 0.00692846
0.791111 -0.540758 0.00698171
0.791667 -0.539339 0.00697939
0.792222 -0.53272 0.007037
0.792778 -0.530964 0.00704362
0.793333 -0.526384 0.00708217
0.793889 -0.532009 0.00705246
0.794444 -0.52404 0.00707697
0.795 -0.525499 0.00707557
0.795556 -0.522831 0.00709782
0.796111 -0.516884 0.0071284
0.796667 -0.521314 0.00711392
0.797222 -0.516183 0.00713581
0.797778 -0.509932 0.00717659
0.798333 -0.509348 0.00718872
0.798889 -0.511501 0.00719173
0.799444 -0.511189 0.00721444
0.8 -0.507369 0.0072108
0.800556 -0.503587 0.00725941
0.801111 -0.499199 0.00725641
0.801667 -0.504411 0.00726275
0.802222 -0.50061 0.00730031
0.802778 -0.498262 0.0073003
0.803333 -0.499478 0.00732169
0.803889 -0.501014 0.00729565
0.804444 -0.48874 0.00737109
0.805 -0.487883 0.00739172
0.805556 -0.494025 0.00735938
0.806111 -0.493227 0.00737669
0.806667 -0.485314 0.00742516
0.807222 -0.494172 0.00739705
0.807778 -0.486378 0.00744718
0.808333 -0.482916 0.00747114
0.808889 -0.48352 0.00748704
0.809444 -0.490438 0.00747055
0.81 -0.485062 0.00747682
0.810556 -0.479276 0.00753547
0.811111 -0.484086 0.00750894
0.811667 -0.479308 0.00755726
0.812222 -0.471276 0.00761306
0.812778 -0.47737 0.00759455
0.813333 -0.480117 0.00758998
0.813889 -0.476081 0.0076163
0.814444 -0.466185 0.0076869
0.815 -0.469696 0.00768823
0.815556 -0.472968 0.00768067
0.816111 -0.473289 0.00768694
0.816667 -0.474421 0.00768336
0.817222 -0.483574 0.00767054
0.817778 -0.470035 0.00774288
0.818333 -0.469352 0.00774716
0.818889 -0.469356 0.00777163
0.819444 -0.473676 0.00775714
0.82 -0.478451 0.0077446
0.820556 -0.47393 0.00778249
0.821111 -0.474064 0.00778728
0.821667 -0.466292 0.00785224
0.822222 -0.466279 0.00786399
0.822778 -0.470412 0.00785727
0.823333 -0.470808 0.00786795
0.823889 -0.469771 0.00786042
0.824444 -0.469364 0.00790212
0.825 -0.474949 0.00787545
0.825556 -0.470266 0.00789332
0.826111 -0.468719 0.00795672
0.826667 -0.471229 0.00792872
0.827222 -0.462404 0.00797212
0.827778 -0.457598 0.00802387
0.828333 -0.464347 0.00799348
0.828889 -0.464744 0.00801819
0.829444 -0.462883 0.00801991
0.83 -0.457562 0.00807851
0.830556 -0.458917 0.00805032
0.831111 -0.453656 0.00811125
0.831667 -0.456178 0.00810718
0.832222 -0.452477 0.0081208
0.832778 -0.45452 0.00811873
0.833333 -0.448716 0.0081533
0.833889 -0.441444 0.00820583
0.834444 -0.441843 0.00820593
0.835 -0.444124 0.00820639
0.835556 -0.439879 0.00825998
0.836111 -0.436436 0.00826569
0.836667 -0.437594 0.00826475
0.837222 -0.431113 0.0083035
0.837778 -0.431746 0.00829842
0.838333 -0.426848 0.00834241
0.838889 -0.423981 0.00833939
0.839444 -0.41754 0.00838078
0.84 -0.414468 0.00839612
0.840556 -0.410363 0.00844252
0.841111 -0.419271 0.00840436
0.841667 -0.406319 0.00847259
0.842222 -0.398647 0.00850547
0.842778 -0.38342 0.0085843
0.843333 -0.391368 0.00855358
0.843889 -0.391633 0.00856839
0.844444 -0.376773 0.0086349
0.845 -0.377428 0.00863614
0.845556 -0.37108 0.00867466
0.846111 -0.363803 0.00870116
0.846667 -0.348207 0.00878386
0.847222 -0.361009 0.00873459
0.847778 -0.357103 0.00873846
0.848333 -0.345123 0.0088262
0.848889 -0.338389 0.00882823
0.849444 -0.32919 0.00889789
0.85 -0.319662 0.00895386
0.850556 -0.313985 0.0089767
0.851111 -0.3137 0.00899704
0.851667 -0.302039 0.00904698
0.852222 -0.299973 0.00904612
0.852778 -0.294903 0.00908931
0.853333 -0.289442 0.00912767
0.853889 -0.278681 0.00917093
0.854444 -0.272334 0.00921567
0.855 -0.260827 0.00925236
0.855556 -0.258488 0.00929624
0.856111 -0.248984 0.00934323
0.856667 -0.230659 0.00943671
0.857222 -0.241114 0.00941967
0.857778 -0.223528 0.00949554
0.858333 -0.218949 0.00952065
0.858889 -0.210209 0.00956854
0.859444 -0.199027 0.0096141
0.86 -0.191416 0.00967158
0.860556 -0.16951 0.00978419
0.861111 -0.171834 0.00978363
0.861667 -0.157722 0.00984243
0.862222 -0.147682 0.00991833
0.862778 -0.138768 0.00996295
0.863333 -0.132895 0.0100047
0.863889 -0.121835 0.0100382
0.864444 -0.118062 0.0100674
0.865 -0.10012 0.0101647
0.865556 -0.0877164 0.0102472
0.866111 -0.0737628 0.0103344
0.866667 -0.0709978 0.0103267
0.867222 -0.0658104 0.0103431
0.867778 -0.046005 0.0104845
0.868333 -0.0364078 0.0105293
0.868889 -0.0209061 0.0106128
0.869444 0.00385511 0.0107287
0.87 0.00794464 0.0107711
0.870556 0.0178674 0.0108364
0.871111 0.0387011 0.0109676
0.871667 0.0373059 0.0109354
0.872222 0.0697161 0.0111285
0.872778 0.0702951 0.0111051
0.873333 0.0960093 0.0112774
0.873889 0.105294 0.0113162
0.874444 0.127814 0.0114313
0.875 0.134122 0.0114837
0.875556 0.147734 0.0115593
0.876111 0.165205 0.0116811
0.876667 0.177569 0.0117518
0.877222 0.199825 0.0118674
0.877778 0.225715 0.0120509
0.878333 0.237589 0.0121189
0.878889 0.248383 0.0121794
0.879444 0.268604 0.0123014
0.88 0.291943 0.0124777
0.880556 0.305336 0.0125398
0.881111 0.324856 0.0126954
0.881667 0.346561 0.0127992
0.882222 0.354733 0.0128875
0.882778 0.381467 0.0131048
0.883333 0.395464 0.013173
0.883889 0.422193 0.0133764
0.884444 0.435801 0.0134675
0.885 0.475448 0.0137651
0.885556 0.47421 0.0137877
0.886111 0.496164 0.0139252
0.886667 0.538113 0.0142703
0.887222 0.547081 0.0143357
0.887778 0.574551 0.0145913
0.888333 0.593123 0.014732
0.888889 0.622945 0.0149481
0.889444 0.627955 0.0150541
0.89 0.659225 0.0153175
0.890556 0.686126 0.015554
0.891111 0.690002 0.0156202
0.891667 0.703666 0.0157597
0.892222 0.743323 0.01605
0.892778 0.761614 0.0162013
0.893333 0.785744 0.0164994
0.893889 0.796071 0.016606
0.894444 0.793983 0.0166406
0.895 0.846963 0.0171405
0.895556 0.86489 0.0173118
0.896111 0.893261 0.0176577
0.896667 0.910482 0.0178306
0.897222 0.92306 0.01807
0.897778 0.953246 0.0183131
0.898333 0.989466 0.0186597
0.898889 1.0171 0.0188939
0.899444 1.03613 0.0191723
0.9 1.05594 0.0193968
0.900556 1.06195 0.0195222
0.901111 1.10427 0.0199898
0.901667 1.11142 0.0201535
0.902222 1.12737 0.020294
0.902778 1.16268 0.0207949
0.903333 1.18957 0.0211263
0.903889 1.20556 0.0212625
0.904444 1.2246 0.0214132
0.905 1.23959 0.0217579
0.905556 1.28062 0.0222637
0.906111 1.27704 0.0223268
0.906667 1.32914 0.0228549
0.907222 1.33639 0.0230568
0.907778 1.3638 0.0233701
0.908333 1.37467 0.0235272
0.908889 1.4126 0.0240295
0.909444 1.44215 0.0244697
0.91 1.45906 0.0247376
0.910556 1.4494 0.0247569
0.911111 1.50345 0.0253879
0.911667 1.54542 0.0259491
0.912222 1.55713 0.0259898
0.912778 1.58547 0.0264422
0.913333 1.58196 0.0265198
0.913889 1.60171 0.026941
0.914444 1.64111 0.0272759
0.915 1.64486 0.0274363
0.915556 1.6651 0.0277414
0.916111 1.7147 0.028539
0.916667 1.72557 0.0284764
0.917222 1.74304 0.0289953
0.917778 1.74801 0.0291812
0.918333 1.80064 0.02982
0.918889 1.82856 0.0302538
0.919444 1.82839 0.0302311
0.92 1.86914 0.0309727
0.920556 1.88072 0.0310949
0.921111 1.93675 0.0319022
0.921667 1.96529 0.032422
0.922222 1.97901 0.0327419
0.922778 1.99148 0.0329483
0.923333 2.00888 0.0331771
0.923889 2.02957 0.0336416
0.924444 2.05977 0.0340525
0.925 2.09802 0.034619
0.925556 2.12627 0.0351208
0.926111 2.12111 0.0350075
0.926667 2.18944 0.036136
0.927222 2.22057 0.036822
0.927778 2.23742 0.0369045
0.928333 2.24543 0.0370801
0.928889 2.279 0.0377331
0.929444 2.32001 0.0383598
0.93 2.31148 0.0382119
0.930556 2.36409 0.0390955
0.931111 2.38224 0.0393465
0.931667 2.40751 0.0397516
0.932222 2.41076 0.0397912
0.932778 2.46242 0.0407969
0.933333 2.46336 0.0407423
0.933889 2.54166 0.0421664
0.934444 2.54128 0.0419897
0.935 2.58803 0.0427437
0.935556 2.63738 0.0435087
0.936111 2.65393 0.0436993
0.936667 2.67934 0.044377
0.937222 2.66643 0.0443824
0.937778 2.73903 0.0454752
0.938333 2.8116 0.0464294
0.938889 2.82206 0.0467918
0.939444 2.85168 0.0472278
0.94 2.85798 0.0474306
0.940556 2.85287 0.0470617
0.941111 2.97274 0.0493813
0.941667 2.93152 0.0487298
0.942222 3.00835 0.0497693
0.942778 3.00608 0.0495187
0.943333 3.00182 0.0494384
0.943889 3.09803 0.0513027
0.944444 3.10264 0.0514705
0.945 3.12983 0.052327
0.945556 3.15501 0.0522871
0.946111 3.13865 0.0516377
0.946667 3.23734 0.0531473
0.947222 3.2396 0.0535365
0.947778 3.30666 0.0550229
0.948333 3.34712 0.0554167
0.948889 3.40242 0.0562396
0.949444 3.44091 0.0567872
0.95 3.38472 0.0552245
0.950556 3.46025 0.057035
0.951111 3.45513 0.056856
0.951667 3.56428 0.0588736
0.952222 3.58721 0.0590803
0.952778 3.67566 0.0605955
0.953333 3.6662 0.0603843
0.953889 3.72277 0.0614852
0.954444 3.64723 0.0588784
0.955 3.77291 0.0632026
0.955556 3.83628 0.0640371
0.956111 3.88266 0.0638846
0.956667 3.88829 0.0654063
0.957222 3.90335 0.0637525
0.957778 3.96893 0.0650181
0.958333 4.01133 0.0661541
0.958889 3.99106 0.0652134
0.959444 4.06699 0.0666292
0.96 4.02878 0.0651425
0.960556 4.15379 0.0688014
0.961111 4.19609 0.0680984
0.961667 4.16246 0.0678798
0.962222 4.26887 0.0699961
0.962778 4.25737 0.0691167
0.963333 4.28713 0.0702034
0.963889 4.34056 0.0700667
0.964444 4.38629 0.0718628
0.965 4.45033 0.0730611
0.965556 4.43813 0.072339
0.966111 4.45884 0.0719393
0.966667 4.57888 0.0747641
0.967222 4.53958 0.072949
0.967778 4.50285 0.0717797
0.968333 4.62345 0.0751551
0.968889 4.66897 0.076292
0.969444 4.69934 0.0763496
0.97 4.76744 0.0775668
0.970556 4.8251 0.0794912
0.971111 4.79132 0.0777161
0.971667 4.82016 0.0782953
0.972222 4.85788 0.079333
0.972778 4.88622 0.0786649
0.973333 4.9331 0.0802619
0.973889 4.92168 0.0791798
0.974444 5.01125 0.0808133
0.975 5.06339 0.0819371
0.975556 5.07273 0.0822056
0.976111 5.08492 0.0804325
0.976667 5.05733 0.0805204
0.977222 5.14032 0.0823893
0.977778 5.14984 0.0809883
0.978333 5.19063 0.0836607
0.978889 5.21774 0.084703
0.979444 5.22923 0.0829659
0.98 5.24645 0.0830201
0.980556 5.31943 0.0852125
0.981111 5.3755 0.085554
0.981667 5.39797 0.0863362
0.982222 5.53088 0.0920216
0.982778 5.44573 0.0871612
0.983333 5.39491 0.0842599
0.983889 5.4258 0.0847008
0.984444 5.45012 0.088159
0.985 5.53895 0.0883038
0.985556 5.54018 0.0889668
0.986111 5.52812 0.0876779
0.986667 5.54118 0.0862452
0.987222 5.55269 0.0874225
0.987778 5.63452 0.0904069
0.988333 5.59816 0.0883988
0.988889 5.6907 0.0913427
0.989444 5.69431 0.0910394
0.99 5.75329 0.0939676
0.990556 5.65381 0.0897532
0.991111 5.68145 0.0893261
0.991667 5.67815 0.0908889
0.992222 5.79083 0.0932387
0.992778 5.74375 0.0914506
0.993333 5.74368 0.0894894
0.993889 5.84653 0.092885
0.994444 5.75767 0.0916484
0.995 5.73686 0.090493
0.995556 5.82479 0.0933066
0.996111 5.74458 0.0891567
0.996667 5.69444 0.0880568
0.997222 5.81393 0.0920721
0.997778 5.81468 0.0938521
0.998333 5.83032 0.092044
0.998889 5.7985 0.0915695
0.999444 5.78811 0.0906441
1 5.87638 0.0919053
