[double3(25.099000000000,0.000000000000,0.000000000000),double3(0.000000000000,25.099000000000,0.000000000000),double3(0.000000000000,0.000000000000,25.099000000000)]

double3(0.946190000000,0.125650000000,0.035080000000),
double3(0.944760000000,0.036390000000,0.124180000000),
double3(0.890100000000,0.000300000000,0.105600000000),
double3(0.998900000000,0.997200000000,0.141600000000),
double3(0.965400000000,0.075800000000,0.071100000000),
double3(0.930700000000,0.072600000000,0.180000000000),
double3(0.303810000000,0.124350000000,0.035080000000),
double3(0.305240000000,0.213610000000,0.124180000000),
double3(0.359900000000,0.249700000000,0.105600000000),
double3(0.251100000000,0.252800000000,0.141600000000),
double3(0.284600000000,0.174200000000,0.071100000000),
double3(0.319300000000,0.177400000000,0.180000000000),
double3(0.946190000000,0.124350000000,0.214920000000),
double3(0.944760000000,0.213610000000,0.125820000000),
double3(0.890100000000,0.249700000000,0.144400000000),
double3(0.998900000000,0.252800000000,0.108400000000),
double3(0.965400000000,0.174200000000,0.178900000000),
double3(0.930700000000,0.177400000000,0.070000000000),
double3(0.303810000000,0.125650000000,0.214920000000),
double3(0.305240000000,0.036390000000,0.125820000000),
double3(0.359900000000,0.000300000000,0.144400000000),
double3(0.251100000000,0.997200000000,0.108400000000),
double3(0.284600000000,0.075800000000,0.178900000000),
double3(0.319300000000,0.072600000000,0.070000000000),
double3(0.035080000000,0.946190000000,0.125650000000),
double3(0.124180000000,0.944760000000,0.036390000000),
double3(0.105600000000,0.890100000000,0.000300000000),
double3(0.141600000000,0.998900000000,0.997200000000),
double3(0.071100000000,0.965400000000,0.075800000000),
double3(0.180000000000,0.930700000000,0.072600000000),
double3(0.214920000000,0.303810000000,0.125650000000),
double3(0.125820000000,0.305240000000,0.036390000000),
double3(0.144400000000,0.359900000000,0.000300000000),
double3(0.108400000000,0.251100000000,0.997200000000),
double3(0.178900000000,0.284600000000,0.075800000000),
double3(0.070000000000,0.319300000000,0.072600000000),
double3(0.035080000000,0.303810000000,0.124350000000),
double3(0.124180000000,0.305240000000,0.213610000000),
double3(0.105600000000,0.359900000000,0.249700000000),
double3(0.141600000000,0.251100000000,0.252800000000),
double3(0.071100000000,0.284600000000,0.174200000000),
double3(0.180000000000,0.319300000000,0.177400000000),
double3(0.214920000000,0.946190000000,0.124350000000),
double3(0.125820000000,0.944760000000,0.213610000000),
double3(0.144400000000,0.890100000000,0.249700000000),
double3(0.108400000000,0.998900000000,0.252800000000),
double3(0.178900000000,0.965400000000,0.174200000000),
double3(0.070000000000,0.930700000000,0.177400000000),
double3(0.125650000000,0.035080000000,0.946190000000),
double3(0.036390000000,0.124180000000,0.944760000000),
double3(0.000300000000,0.105600000000,0.890100000000),
double3(0.997200000000,0.141600000000,0.998900000000),
double3(0.075800000000,0.071100000000,0.965400000000),
double3(0.072600000000,0.180000000000,0.930700000000),
double3(0.125650000000,0.214920000000,0.303810000000),
double3(0.036390000000,0.125820000000,0.305240000000),
double3(0.000300000000,0.144400000000,0.359900000000),
double3(0.997200000000,0.108400000000,0.251100000000),
double3(0.075800000000,0.178900000000,0.284600000000),
double3(0.072600000000,0.070000000000,0.319300000000),
double3(0.124350000000,0.035080000000,0.303810000000),
double3(0.213610000000,0.124180000000,0.305240000000),
double3(0.249700000000,0.105600000000,0.359900000000),
double3(0.252800000000,0.141600000000,0.251100000000),
double3(0.174200000000,0.071100000000,0.284600000000),
double3(0.177400000000,0.180000000000,0.319300000000),
double3(0.124350000000,0.214920000000,0.946190000000),
double3(0.213610000000,0.125820000000,0.944760000000),
double3(0.249700000000,0.144400000000,0.890100000000),
double3(0.252800000000,0.108400000000,0.998900000000),
double3(0.174200000000,0.178900000000,0.965400000000),
double3(0.177400000000,0.070000000000,0.930700000000),
double3(0.053810000000,0.874350000000,0.964920000000),
double3(0.055240000000,0.963610000000,0.875820000000),
double3(0.109900000000,0.999700000000,0.894400000000),
double3(0.001100000000,0.002800000000,0.858400000000),
double3(0.034600000000,0.924200000000,0.928900000000),
double3(0.069300000000,0.927400000000,0.820000000000),
double3(0.696190000000,0.875650000000,0.964920000000),
double3(0.694760000000,0.786390000000,0.875820000000),
double3(0.640100000000,0.750300000000,0.894400000000),
double3(0.748900000000,0.747200000000,0.858400000000),
double3(0.715400000000,0.825800000000,0.928900000000),
double3(0.680700000000,0.822600000000,0.820000000000),
double3(0.053810000000,0.875650000000,0.785080000000),
double3(0.055240000000,0.786390000000,0.874180000000),
double3(0.109900000000,0.750300000000,0.855600000000),
double3(0.001100000000,0.747200000000,0.891600000000),
double3(0.034600000000,0.825800000000,0.821100000000),
double3(0.069300000000,0.822600000000,0.930000000000),
double3(0.696190000000,0.874350000000,0.785080000000),
double3(0.694760000000,0.963610000000,0.874180000000),
double3(0.640100000000,0.999700000000,0.855600000000),
double3(0.748900000000,0.002800000000,0.891600000000),
double3(0.715400000000,0.924200000000,0.821100000000),
double3(0.680700000000,0.927400000000,0.930000000000),
double3(0.964920000000,0.053810000000,0.874350000000),
double3(0.875820000000,0.055240000000,0.963610000000),
double3(0.894400000000,0.109900000000,0.999700000000),
double3(0.858400000000,0.001100000000,0.002800000000),
double3(0.928900000000,0.034600000000,0.924200000000),
double3(0.820000000000,0.069300000000,0.927400000000),
double3(0.785080000000,0.696190000000,0.874350000000),
double3(0.874180000000,0.694760000000,0.963610000000),
double3(0.855600000000,0.640100000000,0.999700000000),
double3(0.891600000000,0.748900000000,0.002800000000),
double3(0.821100000000,0.715400000000,0.924200000000),
double3(0.930000000000,0.680700000000,0.927400000000),
double3(0.964920000000,0.696190000000,0.875650000000),
double3(0.875820000000,0.694760000000,0.786390000000),
double3(0.894400000000,0.640100000000,0.750300000000),
double3(0.858400000000,0.748900000000,0.747200000000),
double3(0.928900000000,0.715400000000,0.825800000000),
double3(0.820000000000,0.680700000000,0.822600000000),
double3(0.785080000000,0.053810000000,0.875650000000),
double3(0.874180000000,0.055240000000,0.786390000000),
double3(0.855600000000,0.109900000000,0.750300000000),
double3(0.891600000000,0.001100000000,0.747200000000),
double3(0.821100000000,0.034600000000,0.825800000000),
double3(0.930000000000,0.069300000000,0.822600000000),
double3(0.874350000000,0.964920000000,0.053810000000),
double3(0.963610000000,0.875820000000,0.055240000000),
double3(0.999700000000,0.894400000000,0.109900000000),
double3(0.002800000000,0.858400000000,0.001100000000),
double3(0.924200000000,0.928900000000,0.034600000000),
double3(0.927400000000,0.820000000000,0.069300000000),
double3(0.874350000000,0.785080000000,0.696190000000),
double3(0.963610000000,0.874180000000,0.694760000000),
double3(0.999700000000,0.855600000000,0.640100000000),
double3(0.002800000000,0.891600000000,0.748900000000),
double3(0.924200000000,0.821100000000,0.715400000000),
double3(0.927400000000,0.930000000000,0.680700000000),
double3(0.875650000000,0.964920000000,0.696190000000),
double3(0.786390000000,0.875820000000,0.694760000000),
double3(0.750300000000,0.894400000000,0.640100000000),
double3(0.747200000000,0.858400000000,0.748900000000),
double3(0.825800000000,0.928900000000,0.715400000000),
double3(0.822600000000,0.820000000000,0.680700000000),
double3(0.875650000000,0.785080000000,0.053810000000),
double3(0.786390000000,0.874180000000,0.055240000000),
double3(0.750300000000,0.855600000000,0.109900000000),
double3(0.747200000000,0.891600000000,0.001100000000),
double3(0.825800000000,0.821100000000,0.034600000000),
double3(0.822600000000,0.930000000000,0.069300000000),
double3(0.946190000000,0.625650000000,0.535080000000),
double3(0.944760000000,0.536390000000,0.624180000000),
double3(0.890100000000,0.500300000000,0.605600000000),
double3(0.998900000000,0.497200000000,0.641600000000),
double3(0.965400000000,0.575800000000,0.571100000000),
double3(0.930700000000,0.572600000000,0.680000000000),
double3(0.303810000000,0.624350000000,0.535080000000),
double3(0.305240000000,0.713610000000,0.624180000000),
double3(0.359900000000,0.749700000000,0.605600000000),
double3(0.251100000000,0.752800000000,0.641600000000),
double3(0.284600000000,0.674200000000,0.571100000000),
double3(0.319300000000,0.677400000000,0.680000000000),
double3(0.946190000000,0.624350000000,0.714920000000),
double3(0.944760000000,0.713610000000,0.625820000000),
double3(0.890100000000,0.749700000000,0.644400000000),
double3(0.998900000000,0.752800000000,0.608400000000),
double3(0.965400000000,0.674200000000,0.678900000000),
double3(0.930700000000,0.677400000000,0.570000000000),
double3(0.303810000000,0.625650000000,0.714920000000),
double3(0.305240000000,0.536390000000,0.625820000000),
double3(0.359900000000,0.500300000000,0.644400000000),
double3(0.251100000000,0.497200000000,0.608400000000),
double3(0.284600000000,0.575800000000,0.678900000000),
double3(0.319300000000,0.572600000000,0.570000000000),
double3(0.035080000000,0.446190000000,0.625650000000),
double3(0.124180000000,0.444760000000,0.536390000000),
double3(0.105600000000,0.390100000000,0.500300000000),
double3(0.141600000000,0.498900000000,0.497200000000),
double3(0.071100000000,0.465400000000,0.575800000000),
double3(0.180000000000,0.430700000000,0.572600000000),
double3(0.214920000000,0.803810000000,0.625650000000),
double3(0.125820000000,0.805240000000,0.536390000000),
double3(0.144400000000,0.859900000000,0.500300000000),
double3(0.108400000000,0.751100000000,0.497200000000),
double3(0.178900000000,0.784600000000,0.575800000000),
double3(0.070000000000,0.819300000000,0.572600000000),
double3(0.035080000000,0.803810000000,0.624350000000),
double3(0.124180000000,0.805240000000,0.713610000000),
double3(0.105600000000,0.859900000000,0.749700000000),
double3(0.141600000000,0.751100000000,0.752800000000),
double3(0.071100000000,0.784600000000,0.674200000000),
double3(0.180000000000,0.819300000000,0.677400000000),
double3(0.214920000000,0.446190000000,0.624350000000),
double3(0.125820000000,0.444760000000,0.713610000000),
double3(0.144400000000,0.390100000000,0.749700000000),
double3(0.108400000000,0.498900000000,0.752800000000),
double3(0.178900000000,0.465400000000,0.674200000000),
double3(0.070000000000,0.430700000000,0.677400000000),
double3(0.125650000000,0.535080000000,0.446190000000),
double3(0.036390000000,0.624180000000,0.444760000000),
double3(0.000300000000,0.605600000000,0.390100000000),
double3(0.997200000000,0.641600000000,0.498900000000),
double3(0.075800000000,0.571100000000,0.465400000000),
double3(0.072600000000,0.680000000000,0.430700000000),
double3(0.125650000000,0.714920000000,0.803810000000),
double3(0.036390000000,0.625820000000,0.805240000000),
double3(0.000300000000,0.644400000000,0.859900000000),
double3(0.997200000000,0.608400000000,0.751100000000),
double3(0.075800000000,0.678900000000,0.784600000000),
double3(0.072600000000,0.570000000000,0.819300000000),
double3(0.124350000000,0.535080000000,0.803810000000),
double3(0.213610000000,0.624180000000,0.805240000000),
double3(0.249700000000,0.605600000000,0.859900000000),
double3(0.252800000000,0.641600000000,0.751100000000),
double3(0.174200000000,0.571100000000,0.784600000000),
double3(0.177400000000,0.680000000000,0.819300000000),
double3(0.124350000000,0.714920000000,0.446190000000),
double3(0.213610000000,0.625820000000,0.444760000000),
double3(0.249700000000,0.644400000000,0.390100000000),
double3(0.252800000000,0.608400000000,0.498900000000),
double3(0.174200000000,0.678900000000,0.465400000000),
double3(0.177400000000,0.570000000000,0.430700000000),
double3(0.053810000000,0.374350000000,0.464920000000),
double3(0.055240000000,0.463610000000,0.375820000000),
double3(0.109900000000,0.499700000000,0.394400000000),
double3(0.001100000000,0.502800000000,0.358400000000),
double3(0.034600000000,0.424200000000,0.428900000000),
double3(0.069300000000,0.427400000000,0.320000000000),
double3(0.696190000000,0.375650000000,0.464920000000),
double3(0.694760000000,0.286390000000,0.375820000000),
double3(0.640100000000,0.250300000000,0.394400000000),
double3(0.748900000000,0.247200000000,0.358400000000),
double3(0.715400000000,0.325800000000,0.428900000000),
double3(0.680700000000,0.322600000000,0.320000000000),
double3(0.053810000000,0.375650000000,0.285080000000),
double3(0.055240000000,0.286390000000,0.374180000000),
double3(0.109900000000,0.250300000000,0.355600000000),
double3(0.001100000000,0.247200000000,0.391600000000),
double3(0.034600000000,0.325800000000,0.321100000000),
double3(0.069300000000,0.322600000000,0.430000000000),
double3(0.696190000000,0.374350000000,0.285080000000),
double3(0.694760000000,0.463610000000,0.374180000000),
double3(0.640100000000,0.499700000000,0.355600000000),
double3(0.748900000000,0.502800000000,0.391600000000),
double3(0.715400000000,0.424200000000,0.321100000000),
double3(0.680700000000,0.427400000000,0.430000000000),
double3(0.964920000000,0.553810000000,0.374350000000),
double3(0.875820000000,0.555240000000,0.463610000000),
double3(0.894400000000,0.609900000000,0.499700000000),
double3(0.858400000000,0.501100000000,0.502800000000),
double3(0.928900000000,0.534600000000,0.424200000000),
double3(0.820000000000,0.569300000000,0.427400000000),
double3(0.785080000000,0.196190000000,0.374350000000),
double3(0.874180000000,0.194760000000,0.463610000000),
double3(0.855600000000,0.140100000000,0.499700000000),
double3(0.891600000000,0.248900000000,0.502800000000),
double3(0.821100000000,0.215400000000,0.424200000000),
double3(0.930000000000,0.180700000000,0.427400000000),
double3(0.964920000000,0.196190000000,0.375650000000),
double3(0.875820000000,0.194760000000,0.286390000000),
double3(0.894400000000,0.140100000000,0.250300000000),
double3(0.858400000000,0.248900000000,0.247200000000),
double3(0.928900000000,0.215400000000,0.325800000000),
double3(0.820000000000,0.180700000000,0.322600000000),
double3(0.785080000000,0.553810000000,0.375650000000),
double3(0.874180000000,0.555240000000,0.286390000000),
double3(0.855600000000,0.609900000000,0.250300000000),
double3(0.891600000000,0.501100000000,0.247200000000),
double3(0.821100000000,0.534600000000,0.325800000000),
double3(0.930000000000,0.569300000000,0.322600000000),
double3(0.874350000000,0.464920000000,0.553810000000),
double3(0.963610000000,0.375820000000,0.555240000000),
double3(0.999700000000,0.394400000000,0.609900000000),
double3(0.002800000000,0.358400000000,0.501100000000),
double3(0.924200000000,0.428900000000,0.534600000000),
double3(0.927400000000,0.320000000000,0.569300000000),
double3(0.874350000000,0.285080000000,0.196190000000),
double3(0.963610000000,0.374180000000,0.194760000000),
double3(0.999700000000,0.355600000000,0.140100000000),
double3(0.002800000000,0.391600000000,0.248900000000),
double3(0.924200000000,0.321100000000,0.215400000000),
double3(0.927400000000,0.430000000000,0.180700000000),
double3(0.875650000000,0.464920000000,0.196190000000),
double3(0.786390000000,0.375820000000,0.194760000000),
double3(0.750300000000,0.394400000000,0.140100000000),
double3(0.747200000000,0.358400000000,0.248900000000),
double3(0.825800000000,0.428900000000,0.215400000000),
double3(0.822600000000,0.320000000000,0.180700000000),
double3(0.875650000000,0.285080000000,0.553810000000),
double3(0.786390000000,0.374180000000,0.555240000000),
double3(0.750300000000,0.355600000000,0.609900000000),
double3(0.747200000000,0.391600000000,0.501100000000),
double3(0.825800000000,0.321100000000,0.534600000000),
double3(0.822600000000,0.430000000000,0.569300000000),
double3(0.446190000000,0.125650000000,0.535080000000),
double3(0.444760000000,0.036390000000,0.624180000000),
double3(0.390100000000,0.000300000000,0.605600000000),
double3(0.498900000000,0.997200000000,0.641600000000),
double3(0.465400000000,0.075800000000,0.571100000000),
double3(0.430700000000,0.072600000000,0.680000000000),
double3(0.803810000000,0.124350000000,0.535080000000),
double3(0.805240000000,0.213610000000,0.624180000000),
double3(0.859900000000,0.249700000000,0.605600000000),
double3(0.751100000000,0.252800000000,0.641600000000),
double3(0.784600000000,0.174200000000,0.571100000000),
double3(0.819300000000,0.177400000000,0.680000000000),
double3(0.446190000000,0.124350000000,0.714920000000),
double3(0.444760000000,0.213610000000,0.625820000000),
double3(0.390100000000,0.249700000000,0.644400000000),
double3(0.498900000000,0.252800000000,0.608400000000),
double3(0.465400000000,0.174200000000,0.678900000000),
double3(0.430700000000,0.177400000000,0.570000000000),
double3(0.803810000000,0.125650000000,0.714920000000),
double3(0.805240000000,0.036390000000,0.625820000000),
double3(0.859900000000,0.000300000000,0.644400000000),
double3(0.751100000000,0.997200000000,0.608400000000),
double3(0.784600000000,0.075800000000,0.678900000000),
double3(0.819300000000,0.072600000000,0.570000000000),
double3(0.535080000000,0.946190000000,0.625650000000),
double3(0.624180000000,0.944760000000,0.536390000000),
double3(0.605600000000,0.890100000000,0.500300000000),
double3(0.641600000000,0.998900000000,0.497200000000),
double3(0.571100000000,0.965400000000,0.575800000000),
double3(0.680000000000,0.930700000000,0.572600000000),
double3(0.714920000000,0.303810000000,0.625650000000),
double3(0.625820000000,0.305240000000,0.536390000000),
double3(0.644400000000,0.359900000000,0.500300000000),
double3(0.608400000000,0.251100000000,0.497200000000),
double3(0.678900000000,0.284600000000,0.575800000000),
double3(0.570000000000,0.319300000000,0.572600000000),
double3(0.535080000000,0.303810000000,0.624350000000),
double3(0.624180000000,0.305240000000,0.713610000000),
double3(0.605600000000,0.359900000000,0.749700000000),
double3(0.641600000000,0.251100000000,0.752800000000),
double3(0.571100000000,0.284600000000,0.674200000000),
double3(0.680000000000,0.319300000000,0.677400000000),
double3(0.714920000000,0.946190000000,0.624350000000),
double3(0.625820000000,0.944760000000,0.713610000000),
double3(0.644400000000,0.890100000000,0.749700000000),
double3(0.608400000000,0.998900000000,0.752800000000),
double3(0.678900000000,0.965400000000,0.674200000000),
double3(0.570000000000,0.930700000000,0.677400000000),
double3(0.625650000000,0.035080000000,0.446190000000),
double3(0.536390000000,0.124180000000,0.444760000000),
double3(0.500300000000,0.105600000000,0.390100000000),
double3(0.497200000000,0.141600000000,0.498900000000),
double3(0.575800000000,0.071100000000,0.465400000000),
double3(0.572600000000,0.180000000000,0.430700000000),
double3(0.625650000000,0.214920000000,0.803810000000),
double3(0.536390000000,0.125820000000,0.805240000000),
double3(0.500300000000,0.144400000000,0.859900000000),
double3(0.497200000000,0.108400000000,0.751100000000),
double3(0.575800000000,0.178900000000,0.784600000000),
double3(0.572600000000,0.070000000000,0.819300000000),
double3(0.624350000000,0.035080000000,0.803810000000),
double3(0.713610000000,0.124180000000,0.805240000000),
double3(0.749700000000,0.105600000000,0.859900000000),
double3(0.752800000000,0.141600000000,0.751100000000),
double3(0.674200000000,0.071100000000,0.784600000000),
double3(0.677400000000,0.180000000000,0.819300000000),
double3(0.624350000000,0.214920000000,0.446190000000),
double3(0.713610000000,0.125820000000,0.444760000000),
double3(0.749700000000,0.144400000000,0.390100000000),
double3(0.752800000000,0.108400000000,0.498900000000),
double3(0.674200000000,0.178900000000,0.465400000000),
double3(0.677400000000,0.070000000000,0.430700000000),
double3(0.553810000000,0.874350000000,0.464920000000),
double3(0.555240000000,0.963610000000,0.375820000000),
double3(0.609900000000,0.999700000000,0.394400000000),
double3(0.501100000000,0.002800000000,0.358400000000),
double3(0.534600000000,0.924200000000,0.428900000000),
double3(0.569300000000,0.927400000000,0.320000000000),
double3(0.196190000000,0.875650000000,0.464920000000),
double3(0.194760000000,0.786390000000,0.375820000000),
double3(0.140100000000,0.750300000000,0.394400000000),
double3(0.248900000000,0.747200000000,0.358400000000),
double3(0.215400000000,0.825800000000,0.428900000000),
double3(0.180700000000,0.822600000000,0.320000000000),
double3(0.553810000000,0.875650000000,0.285080000000),
double3(0.555240000000,0.786390000000,0.374180000000),
double3(0.609900000000,0.750300000000,0.355600000000),
double3(0.501100000000,0.747200000000,0.391600000000),
double3(0.534600000000,0.825800000000,0.321100000000),
double3(0.569300000000,0.822600000000,0.430000000000),
double3(0.196190000000,0.874350000000,0.285080000000),
double3(0.194760000000,0.963610000000,0.374180000000),
double3(0.140100000000,0.999700000000,0.355600000000),
double3(0.248900000000,0.002800000000,0.391600000000),
double3(0.215400000000,0.924200000000,0.321100000000),
double3(0.180700000000,0.927400000000,0.430000000000),
double3(0.464920000000,0.053810000000,0.374350000000),
double3(0.375820000000,0.055240000000,0.463610000000),
double3(0.394400000000,0.109900000000,0.499700000000),
double3(0.358400000000,0.001100000000,0.502800000000),
double3(0.428900000000,0.034600000000,0.424200000000),
double3(0.320000000000,0.069300000000,0.427400000000),
double3(0.285080000000,0.696190000000,0.374350000000),
double3(0.374180000000,0.694760000000,0.463610000000),
double3(0.355600000000,0.640100000000,0.499700000000),
double3(0.391600000000,0.748900000000,0.502800000000),
double3(0.321100000000,0.715400000000,0.424200000000),
double3(0.430000000000,0.680700000000,0.427400000000),
double3(0.464920000000,0.696190000000,0.375650000000),
double3(0.375820000000,0.694760000000,0.286390000000),
double3(0.394400000000,0.640100000000,0.250300000000),
double3(0.358400000000,0.748900000000,0.247200000000),
double3(0.428900000000,0.715400000000,0.325800000000),
double3(0.320000000000,0.680700000000,0.322600000000),
double3(0.285080000000,0.053810000000,0.375650000000),
double3(0.374180000000,0.055240000000,0.286390000000),
double3(0.355600000000,0.109900000000,0.250300000000),
double3(0.391600000000,0.001100000000,0.247200000000),
double3(0.321100000000,0.034600000000,0.325800000000),
double3(0.430000000000,0.069300000000,0.322600000000),
double3(0.374350000000,0.964920000000,0.553810000000),
double3(0.463610000000,0.875820000000,0.555240000000),
double3(0.499700000000,0.894400000000,0.609900000000),
double3(0.502800000000,0.858400000000,0.501100000000),
double3(0.424200000000,0.928900000000,0.534600000000),
double3(0.427400000000,0.820000000000,0.569300000000),
double3(0.374350000000,0.785080000000,0.196190000000),
double3(0.463610000000,0.874180000000,0.194760000000),
double3(0.499700000000,0.855600000000,0.140100000000),
double3(0.502800000000,0.891600000000,0.248900000000),
double3(0.424200000000,0.821100000000,0.215400000000),
double3(0.427400000000,0.930000000000,0.180700000000),
double3(0.375650000000,0.964920000000,0.196190000000),
double3(0.286390000000,0.875820000000,0.194760000000),
double3(0.250300000000,0.894400000000,0.140100000000),
double3(0.247200000000,0.858400000000,0.248900000000),
double3(0.325800000000,0.928900000000,0.215400000000),
double3(0.322600000000,0.820000000000,0.180700000000),
double3(0.375650000000,0.785080000000,0.553810000000),
double3(0.286390000000,0.874180000000,0.555240000000),
double3(0.250300000000,0.855600000000,0.609900000000),
double3(0.247200000000,0.891600000000,0.501100000000),
double3(0.325800000000,0.821100000000,0.534600000000),
double3(0.322600000000,0.930000000000,0.569300000000),
double3(0.446190000000,0.625650000000,0.035080000000),
double3(0.444760000000,0.536390000000,0.124180000000),
double3(0.390100000000,0.500300000000,0.105600000000),
double3(0.498900000000,0.497200000000,0.141600000000),
double3(0.465400000000,0.575800000000,0.071100000000),
double3(0.430700000000,0.572600000000,0.180000000000),
double3(0.803810000000,0.624350000000,0.035080000000),
double3(0.805240000000,0.713610000000,0.124180000000),
double3(0.859900000000,0.749700000000,0.105600000000),
double3(0.751100000000,0.752800000000,0.141600000000),
double3(0.784600000000,0.674200000000,0.071100000000),
double3(0.819300000000,0.677400000000,0.180000000000),
double3(0.446190000000,0.624350000000,0.214920000000),
double3(0.444760000000,0.713610000000,0.125820000000),
double3(0.390100000000,0.749700000000,0.144400000000),
double3(0.498900000000,0.752800000000,0.108400000000),
double3(0.465400000000,0.674200000000,0.178900000000),
double3(0.430700000000,0.677400000000,0.070000000000),
double3(0.803810000000,0.625650000000,0.214920000000),
double3(0.805240000000,0.536390000000,0.125820000000),
double3(0.859900000000,0.500300000000,0.144400000000),
double3(0.751100000000,0.497200000000,0.108400000000),
double3(0.784600000000,0.575800000000,0.178900000000),
double3(0.819300000000,0.572600000000,0.070000000000),
double3(0.535080000000,0.446190000000,0.125650000000),
double3(0.624180000000,0.444760000000,0.036390000000),
double3(0.605600000000,0.390100000000,0.000300000000),
double3(0.641600000000,0.498900000000,0.997200000000),
double3(0.571100000000,0.465400000000,0.075800000000),
double3(0.680000000000,0.430700000000,0.072600000000),
double3(0.714920000000,0.803810000000,0.125650000000),
double3(0.625820000000,0.805240000000,0.036390000000),
double3(0.644400000000,0.859900000000,0.000300000000),
double3(0.608400000000,0.751100000000,0.997200000000),
double3(0.678900000000,0.784600000000,0.075800000000),
double3(0.570000000000,0.819300000000,0.072600000000),
double3(0.535080000000,0.803810000000,0.124350000000),
double3(0.624180000000,0.805240000000,0.213610000000),
double3(0.605600000000,0.859900000000,0.249700000000),
double3(0.641600000000,0.751100000000,0.252800000000),
double3(0.571100000000,0.784600000000,0.174200000000),
double3(0.680000000000,0.819300000000,0.177400000000),
double3(0.714920000000,0.446190000000,0.124350000000),
double3(0.625820000000,0.444760000000,0.213610000000),
double3(0.644400000000,0.390100000000,0.249700000000),
double3(0.608400000000,0.498900000000,0.252800000000),
double3(0.678900000000,0.465400000000,0.174200000000),
double3(0.570000000000,0.430700000000,0.177400000000),
double3(0.625650000000,0.535080000000,0.946190000000),
double3(0.536390000000,0.624180000000,0.944760000000),
double3(0.500300000000,0.605600000000,0.890100000000),
double3(0.497200000000,0.641600000000,0.998900000000),
double3(0.575800000000,0.571100000000,0.965400000000),
double3(0.572600000000,0.680000000000,0.930700000000),
double3(0.625650000000,0.714920000000,0.303810000000),
double3(0.536390000000,0.625820000000,0.305240000000),
double3(0.500300000000,0.644400000000,0.359900000000),
double3(0.497200000000,0.608400000000,0.251100000000),
double3(0.575800000000,0.678900000000,0.284600000000),
double3(0.572600000000,0.570000000000,0.319300000000),
double3(0.624350000000,0.535080000000,0.303810000000),
double3(0.713610000000,0.624180000000,0.305240000000),
double3(0.749700000000,0.605600000000,0.359900000000),
double3(0.752800000000,0.641600000000,0.251100000000),
double3(0.674200000000,0.571100000000,0.284600000000),
double3(0.677400000000,0.680000000000,0.319300000000),
double3(0.624350000000,0.714920000000,0.946190000000),
double3(0.713610000000,0.625820000000,0.944760000000),
double3(0.749700000000,0.644400000000,0.890100000000),
double3(0.752800000000,0.608400000000,0.998900000000),
double3(0.674200000000,0.678900000000,0.965400000000),
double3(0.677400000000,0.570000000000,0.930700000000),
double3(0.553810000000,0.374350000000,0.964920000000),
double3(0.555240000000,0.463610000000,0.875820000000),
double3(0.609900000000,0.499700000000,0.894400000000),
double3(0.501100000000,0.502800000000,0.858400000000),
double3(0.534600000000,0.424200000000,0.928900000000),
double3(0.569300000000,0.427400000000,0.820000000000),
double3(0.196190000000,0.375650000000,0.964920000000),
double3(0.194760000000,0.286390000000,0.875820000000),
double3(0.140100000000,0.250300000000,0.894400000000),
double3(0.248900000000,0.247200000000,0.858400000000),
double3(0.215400000000,0.325800000000,0.928900000000),
double3(0.180700000000,0.322600000000,0.820000000000),
double3(0.553810000000,0.375650000000,0.785080000000),
double3(0.555240000000,0.286390000000,0.874180000000),
double3(0.609900000000,0.250300000000,0.855600000000),
double3(0.501100000000,0.247200000000,0.891600000000),
double3(0.534600000000,0.325800000000,0.821100000000),
double3(0.569300000000,0.322600000000,0.930000000000),
double3(0.196190000000,0.374350000000,0.785080000000),
double3(0.194760000000,0.463610000000,0.874180000000),
double3(0.140100000000,0.499700000000,0.855600000000),
double3(0.248900000000,0.502800000000,0.891600000000),
double3(0.215400000000,0.424200000000,0.821100000000),
double3(0.180700000000,0.427400000000,0.930000000000),
double3(0.464920000000,0.553810000000,0.874350000000),
double3(0.375820000000,0.555240000000,0.963610000000),
double3(0.394400000000,0.609900000000,0.999700000000),
double3(0.358400000000,0.501100000000,0.002800000000),
double3(0.428900000000,0.534600000000,0.924200000000),
double3(0.320000000000,0.569300000000,0.927400000000),
double3(0.285080000000,0.196190000000,0.874350000000),
double3(0.374180000000,0.194760000000,0.963610000000),
double3(0.355600000000,0.140100000000,0.999700000000),
double3(0.391600000000,0.248900000000,0.002800000000),
double3(0.321100000000,0.215400000000,0.924200000000),
double3(0.430000000000,0.180700000000,0.927400000000),
double3(0.464920000000,0.196190000000,0.875650000000),
double3(0.375820000000,0.194760000000,0.786390000000),
double3(0.394400000000,0.140100000000,0.750300000000),
double3(0.358400000000,0.248900000000,0.747200000000),
double3(0.428900000000,0.215400000000,0.825800000000),
double3(0.320000000000,0.180700000000,0.822600000000),
double3(0.285080000000,0.553810000000,0.875650000000),
double3(0.374180000000,0.555240000000,0.786390000000),
double3(0.355600000000,0.609900000000,0.750300000000),
double3(0.391600000000,0.501100000000,0.747200000000),
double3(0.321100000000,0.534600000000,0.825800000000),
double3(0.430000000000,0.569300000000,0.822600000000),
double3(0.374350000000,0.464920000000,0.053810000000),
double3(0.463610000000,0.375820000000,0.055240000000),
double3(0.499700000000,0.394400000000,0.109900000000),
double3(0.502800000000,0.358400000000,0.001100000000),
double3(0.424200000000,0.428900000000,0.034600000000),
double3(0.427400000000,0.320000000000,0.069300000000),
double3(0.374350000000,0.285080000000,0.696190000000),
double3(0.463610000000,0.374180000000,0.694760000000),
double3(0.499700000000,0.355600000000,0.640100000000),
double3(0.502800000000,0.391600000000,0.748900000000),
double3(0.424200000000,0.321100000000,0.715400000000),
double3(0.427400000000,0.430000000000,0.680700000000),
double3(0.375650000000,0.464920000000,0.696190000000),
double3(0.286390000000,0.375820000000,0.694760000000),
double3(0.250300000000,0.394400000000,0.640100000000),
double3(0.247200000000,0.358400000000,0.748900000000),
double3(0.325800000000,0.428900000000,0.715400000000),
double3(0.322600000000,0.320000000000,0.680700000000),
double3(0.375650000000,0.285080000000,0.053810000000),
double3(0.286390000000,0.374180000000,0.055240000000),
double3(0.250300000000,0.355600000000,0.109900000000),
double3(0.247200000000,0.391600000000,0.001100000000),
double3(0.325800000000,0.321100000000,0.034600000000),
double3(0.322600000000,0.430000000000,0.069300000000),
