280.00	0.0051472	892.33	0.0011207	-10.105	-10.105	-31.955	95.210	132.74	1366.0	-0.45037	undefined	undefined	0.030633	liquid
281.41	0.0055488	890.91	0.0011225	-9.9183	-9.9178	-31.289	94.705	132.50	1362.3	-0.44968	undefined	undefined	0.030442	liquid
282.82	0.0059764	889.47	0.0011243	-9.7316	-9.7310	-30.627	94.269	132.32	1358.4	-0.44882	undefined	undefined	0.030252	liquid
284.23	0.0064312	888.04	0.0011261	-9.5451	-9.5446	-29.970	93.897	132.18	1354.2	-0.44780	undefined	undefined	0.030062	liquid
285.64	0.0069145	886.59	0.0011279	-9.3588	-9.3582	-29.316	93.584	132.10	1349.9	-0.44662	undefined	undefined	0.029872	liquid
287.05	0.0074279	885.14	0.0011298	-9.1726	-9.1720	-28.666	93.327	132.06	1345.3	-0.44531	undefined	undefined	0.029683	liquid
288.46	0.0079726	883.69	0.0011316	-8.9864	-8.9857	-28.019	93.123	132.06	1340.5	-0.44387	undefined	undefined	0.029494	liquid
289.87	0.0085502	882.24	0.0011335	-8.8002	-8.7995	-27.375	92.967	132.09	1335.6	-0.44231	undefined	undefined	0.029305	liquid
291.28	0.0091621	880.77	0.0011354	-8.6140	-8.6131	-26.734	92.856	132.16	1330.5	-0.44065	undefined	undefined	0.029117	liquid
292.69	0.0098101	879.31	0.0011373	-8.4276	-8.4267	-26.095	92.787	132.26	1325.2	-0.43888	undefined	undefined	0.028928	liquid
294.10	0.010496	877.84	0.0011392	-8.2410	-8.2401	-25.459	92.757	132.39	1319.8	-0.43703	undefined	undefined	0.028741	liquid
295.51	0.011220	876.37	0.0011411	-8.0542	-8.0532	-24.826	92.763	132.55	1314.2	-0.43510	undefined	undefined	0.028553	liquid
296.92	0.011986	874.89	0.0011430	-7.8672	-7.8662	-24.195	92.804	132.74	1308.5	-0.43309	undefined	undefined	0.028366	liquid
298.33	0.012795	873.41	0.0011449	-7.6800	-7.6788	-23.565	92.876	132.94	1302.7	-0.43101	undefined	undefined	0.028179	liquid
299.74	0.013648	871.93	0.0011469	-7.4924	-7.4912	-22.938	92.977	133.17	1296.8	-0.42887	undefined	undefined	0.027992	liquid
301.15	0.014547	870.44	0.0011488	-7.3045	-7.3032	-22.313	93.105	133.42	1290.8	-0.42667	undefined	undefined	0.027806	liquid
302.56	0.015495	868.95	0.0011508	-7.1162	-7.1148	-21.689	93.258	133.68	1284.6	-0.42443	undefined	undefined	0.027620	liquid
303.97	0.016492	867.45	0.0011528	-6.9276	-6.9261	-21.067	93.434	133.96	1278.4	-0.42214	undefined	undefined	0.027434	liquid
305.38	0.017542	865.96	0.0011548	-6.7385	-6.7369	-20.446	93.632	134.26	1272.1	-0.41980	undefined	undefined	0.027249	liquid
306.79	0.018647	864.45	0.0011568	-6.5490	-6.5473	-19.827	93.849	134.57	1265.8	-0.41743	undefined	undefined	0.027064	liquid
308.20	0.019807	862.95	0.0011588	-6.3591	-6.3573	-19.210	94.085	134.89	1259.4	-0.41503	undefined	undefined	0.026879	liquid
309.61	0.021026	861.44	0.0011608	-6.1687	-6.1668	-18.593	94.338	135.22	1252.9	-0.41260	undefined	undefined	0.026694	liquid
311.02	0.022306	859.94	0.0011629	-5.9779	-5.9759	-17.978	94.606	135.56	1246.4	-0.41014	undefined	undefined	0.026510	liquid
312.43	0.023648	858.42	0.0011649	-5.7865	-5.7844	-17.364	94.888	135.92	1239.8	-0.40766	undefined	undefined	0.026326	liquid
313.84	0.025056	856.91	0.0011670	-5.5947	-5.5924	-16.752	95.183	136.28	1233.2	-0.40516	undefined	undefined	0.026143	liquid
315.25	0.026531	855.39	0.0011691	-5.4023	-5.3999	-16.140	95.491	136.64	1226.5	-0.40263	undefined	undefined	0.025959	liquid
316.66	0.028076	853.87	0.0011711	-5.2095	-5.2069	-15.530	95.809	137.02	1219.9	-0.40009	undefined	undefined	0.025776	liquid
318.07	0.029694	852.35	0.0011732	-5.0161	-5.0134	-14.920	96.137	137.40	1213.1	-0.39754	undefined	undefined	0.025594	liquid
319.48	0.031386	850.82	0.0011753	-4.8221	-4.8193	-14.312	96.474	137.79	1206.4	-0.39497	undefined	undefined	0.025411	liquid
320.89	0.033155	849.29	0.0011775	-4.6277	-4.6246	-13.705	96.819	138.18	1199.7	-0.39238	undefined	undefined	0.025229	liquid
322.30	0.035004	847.76	0.0011796	-4.4326	-4.4294	-13.098	97.172	138.57	1192.9	-0.38979	undefined	undefined	0.025047	liquid
323.71	0.036935	846.23	0.0011817	-4.2370	-4.2336	-12.493	97.531	138.97	1186.2	-0.38718	undefined	undefined	0.024866	liquid
325.12	0.038952	844.69	0.0011839	-4.0409	-4.0373	-11.888	97.896	139.37	1179.4	-0.38456	undefined	undefined	0.024685	liquid
326.53	0.041056	843.15	0.0011860	-3.8442	-3.8404	-11.284	98.267	139.78	1172.6	-0.38194	undefined	undefined	0.024504	liquid
327.94	0.043251	841.61	0.0011882	-3.6469	-3.6429	-10.681	98.642	140.19	1165.8	-0.37930	undefined	undefined	0.024323	liquid
329.35	0.045539	840.06	0.0011904	-3.4490	-3.4448	-10.079	99.021	140.60	1159.1	-0.37666	undefined	undefined	0.024143	liquid
330.76	0.047922	838.52	0.0011926	-3.2506	-3.2462	-9.4780	99.404	141.01	1152.3	-0.37400	undefined	undefined	0.023963	liquid
332.17	0.050405	836.97	0.0011948	-3.0516	-3.0469	-8.8776	99.791	141.42	1145.5	-0.37134	undefined	undefined	0.023783	liquid
333.58	0.052990	835.42	0.0011970	-2.8520	-2.8471	-8.2780	100.18	141.83	1138.7	-0.36867	undefined	undefined	0.023604	liquid
334.99	0.055679	833.86	0.0011992	-2.6519	-2.6467	-7.6792	100.57	142.25	1132.0	-0.36599	undefined	undefined	0.023425	liquid
336.40	0.058477	832.30	0.0012015	-2.4511	-2.4456	-7.0812	100.96	142.67	1125.2	-0.36330	undefined	undefined	0.023246	liquid
337.81	0.061385	830.74	0.0012037	-2.2498	-2.2440	-6.4840	101.36	143.08	1118.5	-0.36060	undefined	undefined	0.023067	liquid
339.22	0.064406	829.18	0.0012060	-2.0479	-2.0418	-5.8875	101.75	143.50	1111.8	-0.35790	undefined	undefined	0.022889	liquid
340.63	0.067545	827.62	0.0012083	-1.8454	-1.8391	-5.2918	102.15	143.92	1105.1	-0.35518	undefined	undefined	0.022711	liquid
342.04	0.070804	826.05	0.0012106	-1.6424	-1.6357	-4.6969	102.55	144.33	1098.4	-0.35245	undefined	undefined	0.022534	liquid
343.45	0.074187	824.48	0.0012129	-1.4387	-1.4317	-4.1027	102.95	144.75	1091.7	-0.34971	undefined	undefined	0.022356	liquid
344.86	0.077696	822.90	0.0012152	-1.2345	-1.2271	-3.5093	103.34	145.17	1085.0	-0.34696	undefined	undefined	0.022179	liquid
346.27	0.081335	821.33	0.0012175	-1.0297	-1.0220	-2.9166	103.74	145.58	1078.4	-0.34419	undefined	undefined	0.022003	liquid
347.68	0.085107	819.75	0.0012199	-0.82434	-0.81623	-2.3246	104.14	146.00	1071.8	-0.34141	undefined	undefined	0.021826	liquid
349.09	0.089015	818.17	0.0012222	-0.61838	-0.60989	-1.7334	104.54	146.41	1065.2	-0.33862	undefined	undefined	0.021650	liquid
350.50	0.093063	816.58	0.0012246	-0.41185	-0.40295	-1.1429	104.93	146.83	1058.6	-0.33582	undefined	undefined	0.021474	liquid
351.91	0.097255	814.99	0.0012270	-0.20475	-0.19543	-0.55318	105.33	147.24	1052.0	-0.33299	undefined	undefined	0.021299	liquid
353.32	0.10159	813.40	0.0012294	0.0029333	0.012689	0.035845	105.72	147.66	1045.4	-0.33016	undefined	undefined	0.021124	liquid
354.73	0.10608	811.81	0.0012318	0.21119	0.22139	0.62415	106.12	148.07	1038.9	-0.32730	undefined	undefined	0.020949	liquid
356.14	0.11072	810.21	0.0012342	0.42001	0.43069	1.2117	106.51	148.48	1032.4	-0.32443	undefined	undefined	0.020774	liquid
357.55	0.11552	808.61	0.0012367	0.62941	0.64057	1.7986	106.90	148.89	1025.9	-0.32153	undefined	undefined	0.020600	liquid
358.96	0.12049	807.01	0.0012391	0.83937	0.85103	2.3847	107.29	149.31	1019.4	-0.31862	undefined	undefined	0.020426	liquid
360.37	0.12561	805.40	0.0012416	1.0499	1.0621	2.9701	107.68	149.72	1013.0	-0.31569	undefined	undefined	0.020252	liquid
361.78	0.13090	803.79	0.0012441	1.2610	1.2737	3.5549	108.06	150.13	1006.5	-0.31273	undefined	undefined	0.020079	liquid
363.19	0.13637	802.18	0.0012466	1.4727	1.4859	4.1389	108.45	150.54	1000.1	-0.30975	undefined	undefined	0.019906	liquid
364.60	0.14201	800.56	0.0012491	1.6849	1.6988	4.7222	108.83	150.95	993.74	-0.30674	undefined	undefined	0.019733	liquid
366.01	0.14783	798.94	0.0012517	1.8977	1.9121	5.3047	109.21	151.35	987.37	-0.30371	undefined	undefined	0.019560	liquid
367.42	0.15384	797.31	0.0012542	2.1110	2.1261	5.8866	109.60	151.76	981.02	-0.30065	undefined	undefined	0.019388	liquid
368.83	0.16003	795.69	0.0012568	2.3250	2.3407	6.4678	109.97	152.17	974.69	-0.29757	undefined	undefined	0.019216	liquid
370.24	0.16641	794.06	0.0012594	2.5394	2.5558	7.0483	110.35	152.58	968.38	-0.29445	undefined	undefined	0.019045	liquid
371.65	0.17299	792.42	0.0012620	2.7545	2.7715	7.6281	110.72	152.99	962.09	-0.29131	undefined	undefined	0.018873	liquid
373.06	0.17976	790.78	0.0012646	2.9701	2.9878	8.2072	111.10	153.39	955.82	-0.28813	undefined	undefined	0.018702	liquid
374.47	0.18674	789.14	0.0012672	3.1862	3.2047	8.7856	111.47	153.80	949.57	-0.28492	undefined	undefined	0.018532	liquid
375.88	0.19392	787.49	0.0012699	3.4029	3.4222	9.3633	111.84	154.21	943.34	-0.28167	undefined	undefined	0.018361	liquid
377.29	0.20132	785.84	0.0012725	3.6202	3.6402	9.9403	112.20	154.61	937.13	-0.27839	undefined	undefined	0.018191	liquid
378.70	0.20893	784.18	0.0012752	3.8380	3.8588	10.517	112.57	155.02	930.94	-0.27508	undefined	undefined	0.018022	liquid
380.11	0.21676	782.53	0.0012779	4.0564	4.0780	11.092	112.93	155.43	924.76	-0.27172	undefined	undefined	0.017852	liquid
381.52	0.22481	780.86	0.0012806	4.2753	4.2978	11.667	113.30	155.84	918.61	-0.26832	undefined	undefined	0.017683	liquid
382.93	0.23308	779.19	0.0012834	4.4948	4.5182	12.242	113.66	156.24	912.47	-0.26488	undefined	undefined	0.017514	liquid
384.34	0.24159	777.52	0.0012861	4.7148	4.7391	12.815	114.01	156.65	906.35	-0.26140	undefined	undefined	0.017346	liquid
385.75	0.25033	775.84	0.0012889	4.9354	4.9606	13.388	114.37	157.06	900.24	-0.25788	undefined	undefined	0.017178	liquid
387.16	0.25932	774.16	0.0012917	5.1566	5.1827	13.961	114.73	157.47	894.16	-0.25431	undefined	undefined	0.017010	liquid
388.57	0.26854	772.47	0.0012945	5.3783	5.4054	14.533	115.08	157.88	888.09	-0.25069	undefined	undefined	0.016842	liquid
389.98	0.27802	770.78	0.0012974	5.6005	5.6287	15.104	115.43	158.29	882.03	-0.24702	undefined	undefined	0.016675	liquid
391.39	0.28774	769.08	0.0013002	5.8233	5.8525	15.674	115.78	158.70	876.00	-0.24330	undefined	undefined	0.016508	liquid
392.80	0.29772	767.38	0.0013031	6.0467	6.0770	16.244	116.13	159.11	869.97	-0.23953	undefined	undefined	0.016341	liquid
394.21	0.30796	765.67	0.0013060	6.2706	6.3020	16.813	116.47	159.53	863.97	-0.23570	undefined	undefined	0.016175	liquid
395.62	0.31847	763.96	0.0013090	6.4951	6.5276	17.382	116.82	159.94	857.97	-0.23182	undefined	undefined	0.016009	liquid
397.03	0.32925	762.24	0.0013119	6.7201	6.7538	17.950	117.16	160.36	851.99	-0.22787	undefined	undefined	0.015843	liquid
398.44	0.34030	760.52	0.0013149	6.9457	6.9806	18.517	117.50	160.77	846.03	-0.22387	undefined	undefined	0.015678	liquid
399.85	0.35162	758.79	0.0013179	7.1718	7.2080	19.084	117.84	161.19	840.08	-0.21981	undefined	undefined	0.015513	liquid
401.26	0.36323	757.05	0.0013209	7.3985	7.4360	19.650	118.18	161.61	834.14	-0.21568	undefined	undefined	0.015349	liquid
402.67	0.37513	755.31	0.0013240	7.6258	7.6646	20.216	118.52	162.03	828.22	-0.21149	undefined	undefined	0.015184	liquid
404.08	0.38731	753.56	0.0013270	7.8536	7.8937	20.781	118.86	162.46	822.30	-0.20723	undefined	undefined	0.015020	liquid
405.49	0.39979	751.81	0.0013301	8.0820	8.1235	21.345	119.19	162.88	816.40	-0.20289	undefined	undefined	0.014856	liquid
406.90	0.41258	750.05	0.0013332	8.3109	8.3539	21.909	119.53	163.31	810.52	-0.19849	undefined	undefined	0.014693	liquid
408.31	0.42566	748.28	0.0013364	8.5405	8.5849	22.472	119.86	163.74	804.64	-0.19401	undefined	undefined	0.014530	liquid
409.72	0.43906	746.51	0.0013396	8.7705	8.8165	23.035	120.19	164.17	798.77	-0.18945	undefined	undefined	0.014367	liquid
411.13	0.45277	744.73	0.0013428	9.0012	9.0487	23.597	120.52	164.60	792.92	-0.18482	undefined	undefined	0.014205	liquid
412.54	0.46679	742.95	0.0013460	9.2324	9.2815	24.159	120.85	165.04	787.07	-0.18010	undefined	undefined	0.014043	liquid
413.95	0.48114	741.15	0.0013493	9.4642	9.5149	24.720	121.18	165.48	781.23	-0.17530	undefined	undefined	0.013881	liquid
415.36	0.49582	739.35	0.0013525	9.6966	9.7490	25.281	121.51	165.92	775.40	-0.17040	undefined	undefined	0.013720	liquid
416.77	0.51083	737.54	0.0013559	9.9296	9.9837	25.841	121.83	166.36	769.59	-0.16542	undefined	undefined	0.013559	liquid
418.18	0.52617	735.73	0.0013592	10.163	10.219	26.401	122.16	166.81	763.78	-0.16035	undefined	undefined	0.013398	liquid
419.59	0.54186	733.90	0.0013626	10.397	10.455	26.960	122.49	167.26	757.97	-0.15518	undefined	undefined	0.013238	liquid
421.00	0.55789	732.07	0.0013660	10.632	10.691	27.519	122.81	167.72	752.18	-0.14991	undefined	undefined	0.013078	liquid
422.41	0.57428	730.23	0.0013694	10.867	10.929	28.077	123.13	168.17	746.39	-0.14454	undefined	undefined	0.012919	liquid
423.82	0.59101	728.39	0.0013729	11.103	11.167	28.635	123.46	168.63	740.61	-0.13906	undefined	undefined	0.012759	liquid
425.23	0.60811	726.53	0.0013764	11.340	11.405	29.193	123.78	169.10	734.83	-0.13347	undefined	undefined	0.012600	liquid
426.64	0.62558	724.67	0.0013799	11.577	11.644	29.750	124.10	169.57	729.06	-0.12777	undefined	undefined	0.012442	liquid
428.05	0.64341	722.80	0.0013835	11.814	11.884	30.307	124.42	170.04	723.30	-0.12196	undefined	undefined	0.012284	liquid
429.46	0.66162	720.91	0.0013871	12.053	12.124	30.863	124.74	170.51	717.54	-0.11602	undefined	undefined	0.012126	liquid
430.87	0.68020	719.02	0.0013908	12.292	12.366	31.419	125.06	171.00	711.78	-0.10996	undefined	undefined	0.011968	liquid
432.28	0.69918	717.12	0.0013945	12.531	12.607	31.974	125.38	171.48	706.03	-0.10377	undefined	undefined	0.011811	liquid
433.69	0.71854	715.21	0.0013982	12.771	12.850	32.529	125.70	171.97	700.29	-0.097454	undefined	undefined	0.011655	liquid
435.10	0.73829	713.30	0.0014019	13.012	13.093	33.084	126.02	172.47	694.54	-0.090996	undefined	undefined	0.011498	liquid
436.51	0.75844	711.37	0.0014057	13.254	13.337	33.638	126.34	172.97	688.80	-0.084396	undefined	undefined	0.011342	liquid
437.92	0.77900	709.43	0.0014096	13.496	13.581	34.192	126.66	173.47	683.06	-0.077650	undefined	undefined	0.011187	liquid
439.33	0.79997	707.48	0.0014135	13.738	13.827	34.746	126.98	173.98	677.32	-0.070753	undefined	undefined	0.011032	liquid
440.74	0.82135	705.52	0.0014174	13.982	14.072	35.300	127.30	174.50	671.59	-0.063698	undefined	undefined	0.010877	liquid
442.15	0.84315	703.55	0.0014214	14.225	14.319	35.853	127.62	175.02	665.85	-0.056481	undefined	undefined	0.010722	liquid
443.56	0.86537	701.57	0.0014254	14.470	14.566	36.406	127.94	175.55	660.12	-0.049096	undefined	undefined	0.010568	liquid
444.97	0.88802	699.58	0.0014294	14.715	14.815	36.959	128.26	176.08	654.39	-0.041537	undefined	undefined	0.010415	liquid
446.38	0.91111	697.57	0.0014335	14.961	15.063	37.511	128.58	176.62	648.65	-0.033797	undefined	undefined	0.010261	liquid
447.79	0.93463	695.56	0.0014377	15.208	15.313	38.063	128.90	177.17	642.92	-0.025870	undefined	undefined	0.010109	liquid
449.20	0.95860	693.53	0.0014419	15.455	15.563	38.615	129.23	177.72	637.18	-0.017749	undefined	undefined	0.0099562	liquid
450.61	0.98302	691.49	0.0014462	15.703	15.814	39.167	129.55	178.28	631.44	-0.0094270	undefined	undefined	0.0098041	liquid
452.02	1.0079	689.44	0.0014505	15.952	16.066	39.719	129.87	178.85	625.70	-0.00089587	undefined	undefined	0.0096525	liquid
453.43	1.0332	687.37	0.0014548	16.201	16.319	40.271	130.19	179.43	619.96	0.0078521	undefined	undefined	0.0095013	liquid
454.84	1.0590	685.29	0.0014592	16.451	16.572	40.822	130.51	180.01	614.21	0.016825	undefined	undefined	0.0093506	liquid
456.25	1.0853	683.20	0.0014637	16.702	16.826	41.373	130.84	180.61	608.46	0.026033	undefined	undefined	0.0092002	liquid
457.66	1.1120	681.09	0.0014682	16.953	17.081	41.924	131.16	181.21	602.71	0.035483	undefined	undefined	0.0090503	liquid
459.07	1.1393	678.97	0.0014728	17.206	17.337	42.476	131.49	181.82	596.95	0.045186	undefined	undefined	0.0089008	liquid
460.48	1.1670	676.84	0.0014775	17.459	17.593	43.027	131.81	182.44	591.19	0.055153	undefined	undefined	0.0087518	liquid
461.89	1.1952	674.69	0.0014822	17.712	17.851	43.578	132.14	183.07	585.42	0.065394	undefined	undefined	0.0086032	liquid
463.30	1.2239	672.52	0.0014869	17.967	18.109	44.129	132.47	183.71	579.64	0.075920	undefined	undefined	0.0084550	liquid
464.71	1.2531	670.34	0.0014918	18.222	18.368	44.680	132.80	184.36	573.86	0.086744	undefined	undefined	0.0083073	liquid
466.12	1.2828	668.14	0.0014967	18.478	18.628	45.231	133.13	185.02	568.07	0.097877	undefined	undefined	0.0081601	liquid
467.53	1.3130	665.93	0.0015017	18.735	18.889	45.782	133.46	185.70	562.27	0.10933	undefined	undefined	0.0080133	liquid
468.94	1.3438	663.70	0.0015067	18.992	19.150	46.333	133.79	186.38	556.47	0.12113	undefined	undefined	0.0078670	liquid
470.35	1.3751	661.45	0.0015118	19.250	19.413	46.884	134.12	187.08	550.65	0.13328	undefined	undefined	0.0077212	liquid
471.76	1.4069	659.19	0.0015170	19.510	19.676	47.435	134.46	187.79	544.83	0.14579	undefined	undefined	0.0075758	liquid
473.17	1.4392	656.90	0.0015223	19.770	19.941	47.987	134.80	188.52	539.00	0.15870	undefined	undefined	0.0074310	liquid
474.58	1.4721	654.60	0.0015277	20.030	20.206	48.538	135.14	189.25	533.16	0.17200	undefined	undefined	0.0072866	liquid
475.99	1.5055	652.28	0.0015331	20.292	20.472	49.090	135.48	190.01	527.30	0.18573	undefined	undefined	0.0071427	liquid
477.40	1.5395	649.94	0.0015386	20.554	20.739	49.642	135.82	190.78	521.44	0.19990	undefined	undefined	0.0069994	liquid
478.81	1.5741	647.57	0.0015442	20.818	21.008	50.194	136.16	191.56	515.56	0.21453	undefined	undefined	0.0068566	liquid
480.22	1.6092	645.19	0.0015499	21.082	21.277	50.747	136.51	192.36	509.67	0.22966	undefined	undefined	0.0067142	liquid
481.63	1.6449	642.79	0.0015557	21.347	21.547	51.299	136.85	193.18	503.77	0.24529	undefined	undefined	0.0065724	liquid
483.04	1.6811	640.36	0.0015616	21.613	21.818	51.853	137.20	194.02	497.85	0.26146	undefined	undefined	0.0064312	liquid
484.45	1.7180	637.91	0.0015676	21.880	22.090	52.406	137.55	194.88	491.92	0.27820	undefined	undefined	0.0062905	liquid
485.86	1.7554	635.44	0.0015737	22.148	22.364	52.960	137.91	195.76	485.97	0.29553	undefined	undefined	0.0061503	liquid
487.27	1.7935	632.94	0.0015799	22.417	22.638	53.514	138.26	196.66	480.00	0.31349	undefined	undefined	0.0060108	liquid
488.68	1.8321	630.42	0.0015863	22.686	22.913	54.069	138.62	197.58	474.02	0.33212	undefined	undefined	0.0058717	liquid
490.09	1.8714	627.87	0.0015927	22.957	23.190	54.624	138.98	198.53	468.03	0.35144	undefined	undefined	0.0057333	liquid
491.50	1.9113	625.29	0.0015992	23.229	23.468	55.180	139.35	199.50	462.01	0.37150	undefined	undefined	0.0055955	liquid
492.91	1.9518	622.69	0.0016059	23.502	23.747	55.736	139.72	200.50	455.97	0.39234	undefined	undefined	0.0054582	liquid
494.32	1.9929	620.06	0.0016127	23.776	24.027	56.293	140.09	201.53	449.92	0.41401	undefined	undefined	0.0053216	liquid
495.73	2.0346	617.40	0.0016197	24.051	24.308	56.851	140.46	202.59	443.84	0.43656	undefined	undefined	0.0051856	liquid
497.14	2.0771	614.71	0.0016268	24.327	24.591	57.409	140.84	203.68	437.75	0.46004	undefined	undefined	0.0050502	liquid
498.55	2.1201	611.99	0.0016340	24.604	24.874	57.968	141.22	204.80	431.63	0.48451	undefined	undefined	0.0049155	liquid
499.96	2.1638	609.23	0.0016414	24.882	25.160	58.528	141.60	205.96	425.48	0.51003	undefined	undefined	0.0047814	liquid
501.37	2.2082	606.44	0.0016490	25.162	25.446	59.089	141.99	207.16	419.32	0.53667	undefined	undefined	0.0046480	liquid
502.78	2.2533	603.62	0.0016567	25.442	25.734	59.650	142.38	208.40	413.12	0.56451	undefined	undefined	0.0045153	liquid
504.19	2.2990	600.76	0.0016646	25.724	26.023	60.213	142.77	209.68	406.90	0.59362	undefined	undefined	0.0043832	liquid
505.60	2.3454	597.86	0.0016726	26.007	26.314	60.777	143.17	211.02	400.66	0.62411	undefined	undefined	0.0042519	liquid
507.01	2.3925	594.92	0.0016809	26.292	26.606	61.342	143.57	212.40	394.38	0.65605	undefined	undefined	0.0041213	liquid
508.42	2.4404	591.94	0.0016894	26.577	26.899	61.907	143.98	213.84	388.08	0.68957	undefined	undefined	0.0039915	liquid
509.83	2.4889	588.92	0.0016980	26.865	27.195	62.475	144.40	215.33	381.74	0.72477	undefined	undefined	0.0038624	liquid
511.24	2.5382	585.85	0.0017069	27.153	27.491	63.043	144.82	216.89	375.38	0.76180	undefined	undefined	0.0037341	liquid
512.65	2.5881	582.73	0.0017160	27.443	27.790	63.613	145.24	218.52	368.98	0.80078	undefined	undefined	0.0036066	liquid
514.06	2.6389	579.57	0.0017254	27.734	28.090	64.185	145.67	220.22	362.54	0.84188	undefined	undefined	0.0034799	liquid
515.47	2.6903	576.36	0.0017350	28.027	28.392	64.758	146.10	222.01	356.07	0.88527	undefined	undefined	0.0033540	liquid
516.88	2.7426	573.09	0.0017449	28.322	28.696	65.332	146.55	223.88	349.56	0.93116	undefined	undefined	0.0032290	liquid
518.29	2.7955	569.76	0.0017551	28.618	29.001	65.909	146.99	225.86	343.01	0.97975	undefined	undefined	0.0031049	liquid
519.70	2.8493	566.38	0.0017656	28.916	29.309	66.487	147.45	227.93	336.42	1.0313	undefined	undefined	0.0029817	liquid
521.11	2.9038	562.93	0.0017764	29.216	29.619	67.068	147.91	230.13	329.78	1.0860	undefined	undefined	0.0028594	liquid
522.52	2.9592	559.41	0.0017876	29.517	29.931	67.651	148.38	232.46	323.10	1.1443	undefined	undefined	0.0027381	liquid
523.93	3.0153	555.83	0.0017991	29.821	30.245	68.236	148.86	234.93	316.37	1.2065	undefined	undefined	0.0026177	liquid
525.34	3.0723	552.17	0.0018110	30.127	30.561	68.824	149.35	237.56	309.60	1.2730	undefined	undefined	0.0024984	liquid
526.75	3.1301	548.43	0.0018234	30.434	30.880	69.414	149.85	240.38	302.77	1.3441	undefined	undefined	0.0023801	liquid
528.16	3.1887	544.61	0.0018362	30.744	31.201	70.008	150.36	243.39	295.88	1.4205	undefined	undefined	0.0022629	liquid
529.57	3.2481	540.69	0.0018495	31.056	31.526	70.605	150.87	246.64	288.94	1.5028	undefined	undefined	0.0021469	liquid
530.98	3.3085	536.68	0.0018633	31.371	31.853	71.205	151.40	250.15	281.93	1.5915	undefined	undefined	0.0020319	liquid
532.39	3.3697	532.57	0.0018777	31.688	32.183	71.809	151.95	253.96	274.87	1.6875	undefined	undefined	0.0019182	liquid
533.80	3.4318	528.34	0.0018927	32.009	32.516	72.417	152.50	258.12	267.73	1.7918	undefined	undefined	0.0018058	liquid
535.21	3.4948	524.00	0.0019084	32.332	32.853	73.030	153.07	262.68	260.52	1.9054	undefined	undefined	0.0016946	liquid
536.62	3.5587	519.52	0.0019249	32.658	33.193	73.647	153.66	267.70	253.24	2.0295	undefined	undefined	0.0015848	liquid
538.03	3.6235	514.89	0.0019421	32.988	33.538	74.270	154.26	273.28	245.87	2.1658	undefined	undefined	0.0014765	liquid
539.44	3.6893	510.11	0.0019604	33.322	33.887	74.899	154.88	279.52	238.42	2.3160	undefined	undefined	0.0013696	liquid
540.85	3.7561	505.16	0.0019796	33.660	34.240	75.535	155.52	286.56	230.88	2.4824	undefined	undefined	0.0012643	liquid
542.26	3.8239	500.00	0.0020000	34.002	34.599	76.178	156.18	294.58	223.23	2.6676	undefined	undefined	0.0011606	liquid
543.67	3.8926	494.63	0.0020217	34.349	34.964	76.830	156.87	303.80	215.48	2.8749	undefined	undefined	0.0010587	liquid
545.08	3.9625	489.02	0.0020449	34.702	35.335	77.492	157.59	314.55	207.62	3.1085	undefined	undefined	0.00095865	liquid
546.49	4.0333	483.12	0.0020699	35.062	35.714	78.164	158.34	327.26	199.63	3.3736	undefined	undefined	0.00086056	liquid
547.90	4.1053	476.89	0.0020969	35.429	36.101	78.850	159.13	342.55	191.51	3.6769	undefined	undefined	0.00076459	liquid
549.31	4.1784	470.28	0.0021264	35.804	36.498	79.552	159.96	361.35	183.25	4.0269	undefined	undefined	0.00067090	liquid
550.72	4.2526	463.20	0.0021589	36.189	36.906	80.272	160.84	385.03	174.82	4.4352	undefined	undefined	0.00057970	liquid
552.13	4.3280	455.57	0.0021951	36.587	37.329	81.015	161.78	415.88	166.22	4.9171	undefined	undefined	0.00049121	liquid
553.54	4.4047	447.22	0.0022360	37.000	37.769	81.788	162.80	457.78	157.43	5.4941	undefined	undefined	0.00040575	liquid
554.95	4.4827	437.94	0.0022834	37.434	38.233	82.600	163.92	518.04	148.42	6.1968	undefined	undefined	0.00032370	liquid
556.36	4.5621	427.36	0.0023399	37.895	38.729	83.466	165.16	612.10	139.18	7.0705	undefined	undefined	0.00024557	liquid
557.77	4.6431	414.85	0.0024105	38.399	39.273	84.416	166.60	778.98	129.67	8.1870	undefined	undefined	0.00017211	liquid
559.18	4.7257	398.98	0.0025064	38.976	39.901	85.512	168.35	1152.1	119.87	9.6714	undefined	undefined	0.00010449	liquid
560.59	4.8103	375.26	0.0026648	39.727	40.728	86.959	170.75	2630.3	109.79	11.806	undefined	undefined	4.4915e-05	liquid
