280.00	0.0051472	0.17330	5.7704	22.394	24.714	92.396	67.633	76.082	182.47	68.760	undefined	undefined	vapor
281.41	0.0055488	0.18592	5.3786	22.488	24.819	92.150	68.103	76.561	182.83	67.665	undefined	undefined	vapor
282.82	0.0059764	0.19929	5.0177	22.583	24.925	91.911	68.573	77.039	183.19	66.592	undefined	undefined	vapor
284.23	0.0064312	0.21345	4.6850	22.678	25.032	91.680	69.041	77.518	183.54	65.540	undefined	undefined	vapor
285.64	0.0069145	0.22841	4.3781	22.775	25.139	91.456	69.510	77.995	183.90	64.511	undefined	undefined	vapor
287.05	0.0074279	0.24422	4.0946	22.871	25.247	91.239	69.977	78.473	184.25	63.502	undefined	undefined	vapor
288.46	0.0079726	0.26092	3.8326	22.968	25.355	91.030	70.444	78.951	184.60	62.514	undefined	undefined	vapor
289.87	0.0085502	0.27854	3.5902	23.066	25.464	90.828	70.910	79.428	184.95	61.546	undefined	undefined	vapor
291.28	0.0091621	0.29711	3.3657	23.165	25.573	90.632	71.376	79.905	185.29	60.597	undefined	undefined	vapor
292.69	0.0098101	0.31669	3.1577	23.264	25.683	90.444	71.841	80.382	185.63	59.669	undefined	undefined	vapor
294.10	0.010496	0.33730	2.9648	23.363	25.794	90.262	72.305	80.860	185.97	58.759	undefined	undefined	vapor
295.51	0.011220	0.35898	2.7856	23.463	25.904	90.086	72.769	81.337	186.31	57.868	undefined	undefined	vapor
296.92	0.011986	0.38179	2.6193	23.564	26.016	89.917	73.233	81.814	186.65	56.995	undefined	undefined	vapor
298.33	0.012795	0.40575	2.4646	23.665	26.128	89.754	73.695	82.291	186.98	56.140	undefined	undefined	vapor
299.74	0.013648	0.43092	2.3206	23.767	26.240	89.598	74.158	82.768	187.31	55.302	undefined	undefined	vapor
301.15	0.014547	0.45734	2.1866	23.869	26.353	89.447	74.619	83.245	187.63	54.482	undefined	undefined	vapor
302.56	0.015495	0.48504	2.0617	23.972	26.467	89.302	75.080	83.722	187.96	53.678	undefined	undefined	vapor
303.97	0.016492	0.51409	1.9452	24.075	26.581	89.163	75.541	84.199	188.28	52.891	undefined	undefined	vapor
305.38	0.017542	0.54452	1.8365	24.179	26.695	89.030	76.001	84.677	188.60	52.120	undefined	undefined	vapor
306.79	0.018647	0.57638	1.7350	24.283	26.810	88.902	76.461	85.155	188.91	51.365	undefined	undefined	vapor
308.20	0.019807	0.60973	1.6401	24.388	26.925	88.780	76.921	85.632	189.22	50.625	undefined	undefined	vapor
309.61	0.021026	0.64460	1.5514	24.493	27.041	88.664	77.379	86.111	189.53	49.900	undefined	undefined	vapor
311.02	0.022306	0.68105	1.4683	24.599	27.157	88.552	77.838	86.589	189.83	49.190	undefined	undefined	vapor
312.43	0.023648	0.71913	1.3906	24.705	27.274	88.446	78.296	87.068	190.14	48.495	undefined	undefined	vapor
313.84	0.025056	0.75890	1.3177	24.812	27.391	88.345	78.754	87.547	190.43	47.813	undefined	undefined	vapor
315.25	0.026531	0.80040	1.2494	24.920	27.509	88.249	79.211	88.026	190.73	47.146	undefined	undefined	vapor
316.66	0.028076	0.84369	1.1853	25.028	27.627	88.158	79.668	88.506	191.02	46.492	undefined	undefined	vapor
318.07	0.029694	0.88883	1.1251	25.136	27.745	88.072	80.124	88.986	191.31	45.851	undefined	undefined	vapor
319.48	0.031386	0.93586	1.0685	25.245	27.864	87.991	80.580	89.466	191.59	45.223	undefined	undefined	vapor
320.89	0.033155	0.98485	1.0154	25.354	27.984	87.914	81.036	89.947	191.87	44.608	undefined	undefined	vapor
322.30	0.035004	1.0358	0.96539	25.464	28.103	87.842	81.492	90.429	192.15	44.006	undefined	undefined	vapor
323.71	0.036935	1.0889	0.91834	25.574	28.224	87.774	81.947	90.911	192.42	43.415	undefined	undefined	vapor
325.12	0.038952	1.1441	0.87404	25.685	28.344	87.711	82.402	91.393	192.69	42.837	undefined	undefined	vapor
326.53	0.041056	1.2015	0.83229	25.796	28.465	87.652	82.856	91.876	192.96	42.270	undefined	undefined	vapor
327.94	0.043251	1.2611	0.79293	25.908	28.587	87.598	83.310	92.360	193.22	41.714	undefined	undefined	vapor
329.35	0.045539	1.3231	0.75581	26.020	28.708	87.547	83.764	92.845	193.48	41.170	undefined	undefined	vapor
330.76	0.047922	1.3874	0.72077	26.133	28.831	87.501	84.218	93.330	193.73	40.637	undefined	undefined	vapor
332.17	0.050405	1.4541	0.68769	26.246	28.953	87.459	84.672	93.816	193.98	40.114	undefined	undefined	vapor
333.58	0.052990	1.5234	0.65643	26.359	29.076	87.421	85.125	94.302	194.22	39.602	undefined	undefined	vapor
334.99	0.055679	1.5952	0.62688	26.473	29.199	87.387	85.578	94.790	194.46	39.100	undefined	undefined	vapor
336.40	0.058477	1.6696	0.59893	26.588	29.323	87.356	86.031	95.278	194.70	38.608	undefined	undefined	vapor
337.81	0.061385	1.7468	0.57248	26.702	29.447	87.330	86.484	95.767	194.93	38.126	undefined	undefined	vapor
339.22	0.064406	1.8267	0.54744	26.818	29.572	87.307	86.936	96.257	195.16	37.653	undefined	undefined	vapor
340.63	0.067545	1.9094	0.52373	26.933	29.696	87.288	87.389	96.747	195.38	37.190	undefined	undefined	vapor
342.04	0.070804	1.9950	0.50125	27.049	29.821	87.272	87.841	97.239	195.60	36.736	undefined	undefined	vapor
343.45	0.074187	2.0836	0.47994	27.166	29.947	87.260	88.293	97.732	195.81	36.291	undefined	undefined	vapor
344.86	0.077696	2.1752	0.45972	27.283	30.073	87.251	88.745	98.226	196.02	35.854	undefined	undefined	vapor
346.27	0.081335	2.2700	0.44054	27.400	30.199	87.246	89.197	98.720	196.22	35.427	undefined	undefined	vapor
347.68	0.085107	2.3679	0.42232	27.518	30.325	87.244	89.648	99.216	196.42	35.008	undefined	undefined	vapor
349.09	0.089015	2.4690	0.40502	27.636	30.452	87.245	90.100	99.713	196.62	34.597	undefined	undefined	vapor
350.50	0.093063	2.5735	0.38857	27.754	30.579	87.250	90.551	100.21	196.80	34.194	undefined	undefined	vapor
351.91	0.097255	2.6814	0.37293	27.873	30.706	87.258	91.003	100.71	196.99	33.799	undefined	undefined	vapor
353.32	0.10159	2.7928	0.35806	27.992	30.834	87.268	91.454	101.21	197.17	33.412	undefined	undefined	vapor
354.73	0.10608	2.9077	0.34391	28.112	30.962	87.282	91.906	101.71	197.34	33.032	undefined	undefined	vapor
356.14	0.11072	3.0263	0.33044	28.232	31.090	87.299	92.357	102.22	197.51	32.660	undefined	undefined	vapor
357.55	0.11552	3.1486	0.31761	28.352	31.218	87.319	92.808	102.72	197.67	32.295	undefined	undefined	vapor
358.96	0.12049	3.2746	0.30538	28.473	31.347	87.342	93.259	103.23	197.83	31.937	undefined	undefined	vapor
360.37	0.12561	3.4046	0.29372	28.594	31.476	87.367	93.710	103.73	197.98	31.586	undefined	undefined	vapor
361.78	0.13090	3.5384	0.28261	28.716	31.606	87.395	94.162	104.24	198.12	31.242	undefined	undefined	vapor
363.19	0.13637	3.6763	0.27201	28.838	31.735	87.426	94.613	104.75	198.26	30.905	undefined	undefined	vapor
364.60	0.14201	3.8184	0.26189	28.960	31.865	87.460	95.064	105.26	198.40	30.574	undefined	undefined	vapor
366.01	0.14783	3.9646	0.25223	29.083	31.995	87.496	95.515	105.78	198.53	30.250	undefined	undefined	vapor
367.42	0.15384	4.1151	0.24301	29.205	32.125	87.535	95.966	106.29	198.65	29.932	undefined	undefined	vapor
368.83	0.16003	4.2700	0.23419	29.329	32.256	87.577	96.418	106.81	198.77	29.620	undefined	undefined	vapor
370.24	0.16641	4.4293	0.22577	29.452	32.387	87.620	96.869	107.33	198.88	29.314	undefined	undefined	vapor
371.65	0.17299	4.5932	0.21771	29.576	32.518	87.667	97.321	107.85	198.98	29.014	undefined	undefined	vapor
373.06	0.17976	4.7617	0.21001	29.701	32.649	87.716	97.772	108.37	199.08	28.720	undefined	undefined	vapor
374.47	0.18674	4.9350	0.20263	29.825	32.781	87.767	98.224	108.89	199.18	28.432	undefined	undefined	vapor
375.88	0.19392	5.1131	0.19558	29.950	32.912	87.820	98.675	109.42	199.26	28.149	undefined	undefined	vapor
377.29	0.20132	5.2960	0.18882	30.075	33.044	87.876	99.127	109.95	199.34	27.871	undefined	undefined	vapor
378.70	0.20893	5.4840	0.18235	30.201	33.177	87.933	99.579	110.48	199.42	27.599	undefined	undefined	vapor
380.11	0.21676	5.6771	0.17615	30.327	33.309	87.993	100.03	111.01	199.49	27.333	undefined	undefined	vapor
381.52	0.22481	5.8754	0.17020	30.453	33.441	88.056	100.48	111.54	199.55	27.071	undefined	undefined	vapor
382.93	0.23308	6.0790	0.16450	30.579	33.574	88.120	100.94	112.08	199.60	26.814	undefined	undefined	vapor
384.34	0.24159	6.2880	0.15903	30.706	33.707	88.186	101.39	112.62	199.65	26.563	undefined	undefined	vapor
385.75	0.25033	6.5025	0.15379	30.833	33.840	88.254	101.84	113.16	199.69	26.316	undefined	undefined	vapor
387.16	0.25932	6.7226	0.14875	30.960	33.973	88.324	102.29	113.70	199.73	26.074	undefined	undefined	vapor
388.57	0.26854	6.9484	0.14392	31.088	34.107	88.397	102.75	114.25	199.76	25.837	undefined	undefined	vapor
389.98	0.27802	7.1800	0.13928	31.216	34.240	88.471	103.20	114.79	199.78	25.604	undefined	undefined	vapor
391.39	0.28774	7.4175	0.13482	31.344	34.374	88.546	103.65	115.34	199.79	25.376	undefined	undefined	vapor
392.80	0.29772	7.6610	0.13053	31.472	34.508	88.624	104.11	115.90	199.80	25.152	undefined	undefined	vapor
394.21	0.30796	7.9107	0.12641	31.601	34.642	88.704	104.56	116.45	199.80	24.933	undefined	undefined	vapor
395.62	0.31847	8.1667	0.12245	31.730	34.776	88.785	105.02	117.01	199.79	24.718	undefined	undefined	vapor
397.03	0.32925	8.4290	0.11864	31.859	34.910	88.868	105.47	117.57	199.78	24.507	undefined	undefined	vapor
398.44	0.34030	8.6977	0.11497	31.989	35.045	88.952	105.92	118.14	199.76	24.300	undefined	undefined	vapor
399.85	0.35162	8.9731	0.11144	32.119	35.179	89.038	106.38	118.71	199.73	24.097	undefined	undefined	vapor
401.26	0.36323	9.2552	0.10805	32.248	35.314	89.126	106.83	119.28	199.69	23.898	undefined	undefined	vapor
402.67	0.37513	9.5442	0.10478	32.379	35.449	89.215	107.29	119.85	199.65	23.704	undefined	undefined	vapor
404.08	0.38731	9.8401	0.10163	32.509	35.583	89.306	107.75	120.43	199.60	23.513	undefined	undefined	vapor
405.49	0.39979	10.143	0.098590	32.640	35.718	89.398	108.20	121.01	199.54	23.326	undefined	undefined	vapor
406.90	0.41258	10.453	0.095664	32.771	35.853	89.492	108.66	121.59	199.47	23.142	undefined	undefined	vapor
408.31	0.42566	10.771	0.092843	32.902	35.988	89.587	109.12	122.18	199.40	22.962	undefined	undefined	vapor
409.72	0.43906	11.096	0.090123	33.033	36.124	89.684	109.57	122.77	199.32	22.786	undefined	undefined	vapor
411.13	0.45277	11.429	0.087500	33.164	36.259	89.781	110.03	123.37	199.23	22.614	undefined	undefined	vapor
412.54	0.46679	11.769	0.084969	33.296	36.394	89.880	110.49	123.97	199.13	22.445	undefined	undefined	vapor
413.95	0.48114	12.117	0.082526	33.428	36.530	89.981	110.95	124.57	199.02	22.279	undefined	undefined	vapor
415.36	0.49582	12.474	0.080169	33.560	36.665	90.083	111.41	125.18	198.91	22.117	undefined	undefined	vapor
416.77	0.51083	12.838	0.077892	33.692	36.800	90.185	111.86	125.79	198.78	21.958	undefined	undefined	vapor
418.18	0.52617	13.211	0.075693	33.825	36.936	90.289	112.32	126.40	198.65	21.803	undefined	undefined	vapor
419.59	0.54186	13.593	0.073569	33.958	37.071	90.395	112.78	127.02	198.51	21.650	undefined	undefined	vapor
421.00	0.55789	13.983	0.071517	34.090	37.207	90.501	113.24	127.65	198.36	21.501	undefined	undefined	vapor
422.41	0.57428	14.382	0.069534	34.223	37.342	90.608	113.71	128.28	198.20	21.355	undefined	undefined	vapor
423.82	0.59101	14.789	0.067616	34.356	37.478	90.717	114.17	128.91	198.04	21.213	undefined	undefined	vapor
425.23	0.60811	15.206	0.065762	34.490	37.613	90.826	114.63	129.55	197.86	21.073	undefined	undefined	vapor
426.64	0.62558	15.633	0.063968	34.623	37.749	90.936	115.09	130.20	197.68	20.936	undefined	undefined	vapor
428.05	0.64341	16.069	0.062233	34.757	37.884	91.048	115.56	130.85	197.49	20.803	undefined	undefined	vapor
429.46	0.66162	16.514	0.060555	34.890	38.020	91.160	116.02	131.51	197.28	20.672	undefined	undefined	vapor
430.87	0.68020	16.969	0.058930	35.024	38.155	91.273	116.48	132.17	197.07	20.544	undefined	undefined	vapor
432.28	0.69918	17.435	0.057357	35.158	38.290	91.387	116.95	132.84	196.85	20.420	undefined	undefined	vapor
433.69	0.71854	17.910	0.055834	35.292	38.426	91.502	117.41	133.51	196.62	20.298	undefined	undefined	vapor
435.10	0.73829	18.396	0.054359	35.426	38.561	91.617	117.88	134.19	196.38	20.179	undefined	undefined	vapor
436.51	0.75844	18.893	0.052929	35.560	38.696	91.734	118.35	134.88	196.13	20.062	undefined	undefined	vapor
437.92	0.77900	19.401	0.051545	35.695	38.831	91.851	118.81	135.57	195.87	19.949	undefined	undefined	vapor
439.33	0.79997	19.919	0.050203	35.829	38.966	91.969	119.28	136.28	195.60	19.838	undefined	undefined	vapor
440.74	0.82135	20.449	0.048902	35.964	39.101	92.087	119.75	136.99	195.33	19.731	undefined	undefined	vapor
442.15	0.84315	20.990	0.047641	36.098	39.236	92.206	120.22	137.70	195.04	19.625	undefined	undefined	vapor
443.56	0.86537	21.544	0.046418	36.233	39.370	92.326	120.69	138.43	194.74	19.523	undefined	undefined	vapor
444.97	0.88802	22.109	0.045231	36.367	39.505	92.446	121.16	139.16	194.43	19.423	undefined	undefined	vapor
446.38	0.91111	22.686	0.044080	36.502	39.639	92.567	121.63	139.90	194.11	19.326	undefined	undefined	vapor
447.79	0.93463	23.276	0.042963	36.637	39.773	92.688	122.11	140.65	193.78	19.232	undefined	undefined	vapor
449.20	0.95860	23.878	0.041879	36.772	39.907	92.810	122.58	141.41	193.43	19.140	undefined	undefined	vapor
450.61	0.98302	24.494	0.040827	36.906	40.041	92.932	123.05	142.18	193.08	19.051	undefined	undefined	vapor
452.02	1.0079	25.122	0.039805	37.041	40.175	93.054	123.53	142.96	192.72	18.964	undefined	undefined	vapor
453.43	1.0332	25.765	0.038813	37.176	40.308	93.177	124.01	143.75	192.34	18.880	undefined	undefined	vapor
454.84	1.0590	26.421	0.037849	37.311	40.441	93.301	124.48	144.56	191.96	18.799	undefined	undefined	vapor
456.25	1.0853	27.091	0.036912	37.445	40.574	93.424	124.96	145.37	191.56	18.720	undefined	undefined	vapor
457.66	1.1120	27.776	0.036002	37.580	40.707	93.548	125.44	146.19	191.15	18.643	undefined	undefined	vapor
459.07	1.1393	28.476	0.035117	37.714	40.839	93.672	125.92	147.03	190.73	18.570	undefined	undefined	vapor
460.48	1.1670	29.191	0.034258	37.849	40.972	93.796	126.40	147.88	190.30	18.499	undefined	undefined	vapor
461.89	1.1952	29.921	0.033421	37.983	41.103	93.920	126.89	148.74	189.85	18.430	undefined	undefined	vapor
463.30	1.2239	30.667	0.032608	38.118	41.235	94.045	127.37	149.62	189.40	18.364	undefined	undefined	vapor
464.71	1.2531	31.429	0.031817	38.252	41.366	94.169	127.86	150.51	188.93	18.300	undefined	undefined	vapor
466.12	1.2828	32.208	0.031048	38.386	41.497	94.294	128.34	151.42	188.45	18.240	undefined	undefined	vapor
467.53	1.3130	33.004	0.030299	38.520	41.628	94.418	128.83	152.34	187.95	18.181	undefined	undefined	vapor
468.94	1.3438	33.817	0.029571	38.654	41.758	94.543	129.32	153.28	187.44	18.125	undefined	undefined	vapor
470.35	1.3751	34.649	0.028861	38.788	41.888	94.667	129.81	154.24	186.92	18.072	undefined	undefined	vapor
471.76	1.4069	35.498	0.028171	38.921	42.017	94.791	130.31	155.22	186.39	18.022	undefined	undefined	vapor
473.17	1.4392	36.366	0.027498	39.055	42.146	94.915	130.80	156.21	185.84	17.974	undefined	undefined	vapor
474.58	1.4721	37.254	0.026843	39.188	42.274	95.039	131.29	157.23	185.28	17.928	undefined	undefined	vapor
475.99	1.5055	38.161	0.026205	39.321	42.402	95.163	131.79	158.26	184.71	17.886	undefined	undefined	vapor
477.40	1.5395	39.088	0.025583	39.453	42.530	95.286	132.29	159.32	184.12	17.846	undefined	undefined	vapor
478.81	1.5741	40.036	0.024977	39.586	42.657	95.409	132.79	160.41	183.51	17.808	undefined	undefined	vapor
480.22	1.6092	41.006	0.024387	39.718	42.783	95.531	133.29	161.52	182.89	17.774	undefined	undefined	vapor
481.63	1.6449	41.998	0.023811	39.850	42.909	95.653	133.80	162.65	182.26	17.742	undefined	undefined	vapor
483.04	1.6811	43.012	0.023249	39.981	43.034	95.775	134.30	163.81	181.61	17.712	undefined	undefined	vapor
484.45	1.7180	44.050	0.022702	40.112	43.159	95.895	134.81	165.01	180.95	17.686	undefined	undefined	vapor
485.86	1.7554	45.111	0.022168	40.243	43.283	96.016	135.32	166.23	180.27	17.662	undefined	undefined	vapor
487.27	1.7935	46.197	0.021646	40.374	43.406	96.135	135.84	167.49	179.58	17.642	undefined	undefined	vapor
488.68	1.8321	47.309	0.021138	40.504	43.528	96.254	136.35	168.78	178.87	17.624	undefined	undefined	vapor
490.09	1.8714	48.446	0.020641	40.633	43.650	96.372	136.87	170.11	178.14	17.609	undefined	undefined	vapor
491.50	1.9113	49.611	0.020157	40.762	43.771	96.489	137.39	171.47	177.40	17.597	undefined	undefined	vapor
492.91	1.9518	50.804	0.019683	40.891	43.891	96.605	137.91	172.88	176.63	17.588	undefined	undefined	vapor
494.32	1.9929	52.026	0.019221	41.018	44.010	96.720	138.44	174.34	175.86	17.582	undefined	undefined	vapor
495.73	2.0346	53.277	0.018770	41.146	44.129	96.833	138.97	175.84	175.06	17.579	undefined	undefined	vapor
497.14	2.0771	54.559	0.018329	41.273	44.246	96.946	139.50	177.39	174.25	17.579	undefined	undefined	vapor
498.55	2.1201	55.873	0.017898	41.399	44.362	97.057	140.03	179.00	173.41	17.583	undefined	undefined	vapor
499.96	2.1638	57.220	0.017476	41.524	44.478	97.167	140.57	180.66	172.56	17.590	undefined	undefined	vapor
501.37	2.2082	58.602	0.017064	41.649	44.592	97.276	141.11	182.39	171.69	17.600	undefined	undefined	vapor
502.78	2.2533	60.019	0.016661	41.773	44.705	97.383	141.66	184.18	170.80	17.614	undefined	undefined	vapor
504.19	2.2990	61.473	0.016267	41.896	44.817	97.488	142.20	186.05	169.89	17.631	undefined	undefined	vapor
505.60	2.3454	62.965	0.015882	42.018	44.927	97.592	142.76	187.99	168.96	17.651	undefined	undefined	vapor
507.01	2.3925	64.497	0.015504	42.139	45.036	97.693	143.31	190.01	168.01	17.676	undefined	undefined	vapor
508.42	2.4404	66.071	0.015135	42.259	45.144	97.793	143.87	192.13	167.04	17.704	undefined	undefined	vapor
509.83	2.4889	67.689	0.014774	42.378	45.251	97.890	144.44	194.35	166.05	17.736	undefined	undefined	vapor
511.24	2.5382	69.351	0.014419	42.497	45.355	97.985	145.01	196.67	165.03	17.772	undefined	undefined	vapor
512.65	2.5881	71.061	0.014072	42.613	45.458	98.078	145.58	199.10	164.00	17.812	undefined	undefined	vapor
514.06	2.6389	72.821	0.013732	42.729	45.560	98.168	146.16	201.67	162.94	17.856	undefined	undefined	vapor
515.47	2.6903	74.632	0.013399	42.843	45.659	98.255	146.75	204.37	161.85	17.904	undefined	undefined	vapor
516.88	2.7426	76.498	0.013072	42.956	45.756	98.339	147.34	207.22	160.74	17.957	undefined	undefined	vapor
518.29	2.7955	78.421	0.012752	43.067	45.852	98.420	147.93	210.24	159.61	18.014	undefined	undefined	vapor
519.70	2.8493	80.405	0.012437	43.177	45.945	98.498	148.54	213.44	158.45	18.076	undefined	undefined	vapor
521.11	2.9038	82.452	0.012128	43.285	46.036	98.572	149.15	216.85	157.26	18.143	undefined	undefined	vapor
522.52	2.9592	84.566	0.011825	43.391	46.124	98.642	149.77	220.48	156.05	18.214	undefined	undefined	vapor
523.93	3.0153	86.752	0.011527	43.495	46.210	98.708	150.39	224.36	154.81	18.290	undefined	undefined	vapor
525.34	3.0723	89.013	0.011234	43.597	46.293	98.769	151.02	228.53	153.54	18.372	undefined	undefined	vapor
526.75	3.1301	91.354	0.010946	43.696	46.373	98.826	151.66	233.01	152.24	18.458	undefined	undefined	vapor
528.16	3.1887	93.781	0.010663	43.793	46.449	98.877	152.32	237.85	150.91	18.550	undefined	undefined	vapor
529.57	3.2481	96.300	0.010384	43.888	46.522	98.923	152.98	243.09	149.55	18.647	undefined	undefined	vapor
530.98	3.3085	98.916	0.010110	43.979	46.592	98.963	153.65	248.80	148.16	18.750	undefined	undefined	vapor
532.39	3.3697	101.64	0.0098388	44.067	46.657	98.996	154.33	255.04	146.73	18.858	undefined	undefined	vapor
533.80	3.4318	104.47	0.0095717	44.152	46.718	99.022	155.02	261.88	145.27	18.972	undefined	undefined	vapor
535.21	3.4948	107.43	0.0093080	44.233	46.774	99.040	155.73	269.44	143.78	19.092	undefined	undefined	vapor
536.62	3.5587	110.53	0.0090474	44.310	46.824	99.049	156.45	277.84	142.25	19.216	undefined	undefined	vapor
538.03	3.6235	113.77	0.0087896	44.382	46.870	99.049	157.19	287.22	140.68	19.347	undefined	undefined	vapor
539.44	3.6893	117.17	0.0085343	44.449	46.908	99.038	157.94	297.77	139.07	19.482	undefined	undefined	vapor
540.85	3.7561	120.76	0.0082811	44.510	46.940	99.016	158.71	309.75	137.42	19.622	undefined	undefined	vapor
542.26	3.8239	124.54	0.0080296	44.566	46.964	98.980	159.50	323.46	135.73	19.766	undefined	undefined	vapor
543.67	3.8926	128.55	0.0077794	44.614	46.979	98.930	160.32	339.33	133.99	19.913	undefined	undefined	vapor
545.08	3.9625	132.81	0.0075298	44.653	46.984	98.862	161.16	357.90	132.20	20.062	undefined	undefined	vapor
546.49	4.0333	137.36	0.0072802	44.684	46.978	98.775	162.02	379.96	130.37	20.212	undefined	undefined	vapor
547.90	4.1053	142.25	0.0070299	44.704	46.958	98.666	162.92	406.59	128.48	20.359	undefined	undefined	vapor
549.31	4.1784	147.54	0.0067779	44.711	46.923	98.530	163.85	439.40	126.53	20.501	undefined	undefined	vapor
550.72	4.2526	153.31	0.0065229	44.702	46.869	98.362	164.83	480.82	124.53	20.633	undefined	undefined	vapor
552.13	4.3280	159.66	0.0062631	44.675	46.792	98.155	165.86	534.78	122.45	20.748	undefined	undefined	vapor
553.54	4.4047	166.77	0.0059963	44.624	46.687	97.898	166.94	607.98	120.30	20.834	undefined	undefined	vapor
554.95	4.4827	174.86	0.0057189	44.541	46.544	97.575	168.10	712.92	118.07	20.876	undefined	undefined	vapor
556.36	4.5621	184.32	0.0054252	44.416	46.349	97.162	169.35	875.81	115.73	20.844	undefined	undefined	vapor
557.77	4.6431	195.89	0.0051049	44.225	46.076	96.613	170.73	1162.4	113.24	20.689	undefined	undefined	vapor
559.18	4.7257	211.17	0.0047356	43.920	45.668	95.826	172.31	1795.1	110.54	20.301	undefined	undefined	vapor
560.59	4.8103	235.50	0.0042462	43.348	44.944	94.478	174.22	4257.3	107.33	19.345	undefined	undefined	vapor

