# column 1: time [ps]
# column 2: msd xyz [A^2]
# column 3: msd x [A^2]
# column 4: msd y [A^2]
# column 5: msd z [A^2]
# column 6: number of samples [-]
0.0005 2.36886e-06 8.11559e-07 7.49112e-07 8.08193e-07 (count: 495000)
0.001 9.47544e-06 3.24623e-06 2.99644e-06 3.23277e-06 (count: 494999)
0.0015 2.13197e-05 7.30397e-06 6.74198e-06 7.27371e-06 (count: 494998)
0.002 3.79014e-05 1.29847e-05 1.19857e-05 1.2931e-05 (count: 494997)
0.0025 5.92205e-05 2.02885e-05 1.87275e-05 2.02045e-05 (count: 494996)
0.003 8.52767e-05 2.92151e-05 2.69674e-05 2.90942e-05 (count: 494995)
0.0035 0.00011607 3.97646e-05 3.67052e-05 3.96001e-05 (count: 494994)
0.004 0.0001516 5.19367e-05 4.79409e-05 5.17219e-05 (count: 494993)
0.0045 0.000191865 6.57313e-05 6.06744e-05 6.54597e-05 (count: 494992)
0.005 0.000236867 8.11484e-05 7.49055e-05 8.08132e-05 (count: 494991)
0.0055 0.000286604 9.81877e-05 9.06341e-05 9.77822e-05 (count: 494990)
0.006 0.000341076 0.000116849 0.00010786 0.000116367 (count: 494989)
0.0065 0.000400282 0.000137132 0.000126583 0.000136566 (count: 494988)
0.007 0.000464221 0.000159037 0.000146803 0.000158381 (count: 494987)
0.0075 0.000532894 0.000182563 0.00016852 0.000181811 (count: 494986)
0.008 0.000606299 0.000207711 0.000191733 0.000206855 (count: 494985)
0.0085 0.000684435 0.000234479 0.000216443 0.000233513 (count: 494984)
0.009 0.000767302 0.000262868 0.000242649 0.000261786 (count: 494983)
0.0095 0.000854899 0.000292877 0.000270351 0.000291672 (count: 494982)
0.01 0.000947225 0.000324506 0.000299548 0.000323172 (count: 494981)
0.0105 0.00104428 0.000357754 0.00033024 0.000356284 (count: 494980)
0.011 0.00114606 0.000392622 0.000362428 0.00039101 (count: 494979)
0.0115 0.00125257 0.000429109 0.000396109 0.000427348 (count: 494978)
0.012 0.0013638 0.000467214 0.000431286 0.000465298 (count: 494977)
0.0125 0.00147974 0.00050692 0.000467969 0.000504852 (count: 19799)
0.025 0.00590943 0.00202431 0.00186894 0.00201618 (count: 19798)
0.0375 0.0132608 0.00454227 0.00419419 0.00452439 (count: 19797)
0.05 0.0234885 0.00804485 0.00742967 0.00801395 (count: 19796)
0.0625 0.0365315 0.0125108 0.0115566 0.0124641 (count: 19795)
0.075 0.0523165 0.0179143 0.0165523 0.0178499 (count: 19794)
0.0875 0.0707596 0.0242259 0.0223908 0.0241429 (count: 19793)
0.1 0.0917695 0.0314137 0.0290439 0.0313119 (count: 19792)
0.1125 0.115249 0.0394435 0.0364817 0.0393241 (count: 19791)
0.125 0.141099 0.04828 0.0446731 0.0481456 (count: 19790)
0.1375 0.169216 0.0578871 0.0535868 0.0577419 (count: 19789)
0.15 0.199498 0.0682285 0.063191 0.0680784 (count: 19788)
0.1625 0.231843 0.0792681 0.0734543 0.0791207 (count: 19787)
0.175 0.266151 0.0909702 0.0843459 0.0908348 (count: 19786)
0.1875 0.302323 0.103299 0.0958356 0.103188 (count: 19785)
0.2 0.340263 0.116222 0.107894 0.116147 (count: 19784)
0.2125 0.379878 0.129703 0.120493 0.129681 (count: 19783)
0.225 0.421077 0.143712 0.133606 0.14376 (count: 19782)
0.2375 0.463775 0.158215 0.147205 0.158354 (count: 19781)
0.25 0.507886 0.173184 0.161267 0.173435 (count: 19780)
0.2625 0.553331 0.188588 0.175768 0.188975 (count: 19779)
0.275 0.600031 0.204399 0.190684 0.204948 (count: 19778)
0.2875 0.647912 0.22059 0.205993 0.221328 (count: 19777)
0.3 0.696902 0.237134 0.221676 0.238092 (count: 19776)
0.3125 0.749289 0.255222 0.239413 0.254654 (count: 791)
0.625 2.18244 0.729362 0.710765 0.742317 (count: 790)
0.9375 3.6192 1.1884 1.2096 1.2212 (count: 789)
1.25 4.84769 1.57356 1.6417 1.63244 (count: 788)
1.5625 5.86254 1.91246 1.97267 1.97741 (count: 787)
1.875 6.71498 2.21493 2.22292 2.27714 (count: 786)
2.1875 7.45633 2.46257 2.44359 2.55016 (count: 785)
2.5 8.12397 2.63278 2.67753 2.81366 (count: 784)
2.8125 8.76583 2.75892 2.93922 3.06768 (count: 783)
3.125 9.41372 2.88837 3.22913 3.29623 (count: 782)
3.4375 10.0841 3.04283 3.52234 3.51893 (count: 781)
3.75 10.7473 3.19234 3.79752 3.75744 (count: 780)
4.0625 11.3879 3.3225 4.04703 4.01841 (count: 779)
4.375 12.0091 3.46786 4.27471 4.26651 (count: 778)
4.6875 12.5476 3.60641 4.47125 4.46992 (count: 777)
5 13.0558 3.7219 4.66756 4.66637 (count: 776)
5.3125 13.5858 3.8111 4.88587 4.88886 (count: 775)
5.625 14.1012 3.89179 5.10525 5.10419 (count: 774)
5.9375 14.629 4.00028 5.33087 5.2979 (count: 773)
6.25 15.1655 4.12441 5.56344 5.4777 (count: 772)
6.5625 15.666 4.23758 5.78362 5.6448 (count: 771)
6.875 16.1284 4.32823 5.96743 5.83269 (count: 770)
7.1875 16.5985 4.40776 6.12867 6.06205 (count: 769)
7.5 17.1159 4.49221 6.27441 6.34924 (count: 768)
7.8125 19.7919 5.59606 5.66552 8.5303 (count: 30)
15.625 33.1156 8.6812 9.54749 14.8869 (count: 29)
23.4375 39.1557 10.1865 12.9002 16.069 (count: 28)
31.25 44.1084 9.83951 14.7629 19.506 (count: 27)
39.0625 56.3172 10.6273 21.7592 23.9308 (count: 26)
46.875 62.4202 11.8949 29.6244 20.9009 (count: 25)
54.6875 71.794 12.717 37.7431 21.3338 (count: 24)
62.5 85.6934 10.6469 46.0869 28.9596 (count: 23)
70.3125 104.644 12.0349 55.9202 36.6889 (count: 22)
78.125 118.716 15.2845 66.9189 36.5124 (count: 21)
85.9375 123.958 17.6007 72.5642 33.7932 (count: 20)
93.75 126.856 17.2039 80.0923 29.5596 (count: 19)
101.562 118.931 11.4053 87.6143 19.9113 (count: 18)
109.375 127.311 13.673 96.8057 16.8321 (count: 17)
117.188 146.232 19.8188 104.848 21.5656 (count: 16)
125 163.167 19.9287 113.265 29.9732 (count: 15)
132.812 171.072 22.7728 119.102 29.1966 (count: 14)
140.625 162.635 23.7391 113.849 25.0463 (count: 13)
148.438 168.055 22.5102 117.717 27.827 (count: 12)
156.25 174.665 23.234 124.7 26.7307 (count: 11)
164.062 183.261 13.1219 134.885 35.2538 (count: 10)
171.875 201.304 11.1664 140.9 49.238 (count: 9)
179.688 226.45 11.2503 150.097 65.1022 (count: 8)
187.5 257.138 20.4455 165.076 71.6157 (count: 7)
