0 0.012000 0.000000
1 0.036000 0.000000
2 0.060000 0.000000
3 0.084000 0.000000
4 0.108000 0.000000
5 0.132000 0.000000
6 0.156000 0.000000
7 0.180000 0.000000
8 0.204000 0.000000
9 0.228000 0.000000
10 0.252000 0.000000
11 0.276000 0.000000
12 0.300000 0.000000
13 0.324000 0.000000
14 0.348000 0.000000
15 0.372000 0.000000
16 0.396000 0.000000
17 0.420000 0.000000
18 0.444000 0.000000
19 0.468000 0.000000
20 0.492000 0.000000
21 0.516000 0.000000
22 0.540000 0.000000
23 0.564000 0.000000
24 0.588000 0.000000
25 0.612000 0.000000
26 0.636000 0.000000
27 0.660000 0.000000
28 0.684000 0.000000
29 0.708000 0.000000
30 0.732000 0.000000
31 0.756000 0.000000
32 0.780000 0.000000
33 0.804000 0.000000
34 0.828000 0.000000
35 0.852000 0.000000
36 0.876000 0.000000
37 0.900000 0.000000
38 0.924000 0.000000
39 0.948000 0.000000
40 0.972000 0.000000
41 0.996000 0.000000
42 1.020000 0.000000
43 1.044000 0.000000
44 1.068000 0.000000
45 1.092000 0.000000
46 1.116000 0.000000
47 1.140000 0.000000
48 1.164000 0.000000
49 1.188000 0.000000
50 1.212000 0.000000
51 1.236000 0.000000
52 1.260000 0.000000
53 1.284000 0.000000
54 1.308000 0.000000
55 1.332000 0.000000
56 1.356000 0.000000
57 1.380000 0.000000
58 1.404000 0.000051
59 1.428000 0.000139
60 1.452000 0.000685
61 1.476000 0.003333
62 1.500000 0.011301
63 1.524000 0.031475
64 1.548000 0.071192
65 1.572000 0.142091
66 1.596000 0.245959
67 1.620000 0.391623
68 1.644000 0.556360
69 1.668000 0.740550
70 1.692000 0.915349
71 1.716000 1.070300
72 1.740000 1.193356
73 1.764000 1.281587
74 1.788000 1.322642
75 1.812000 1.339970
76 1.836000 1.313649
77 1.860000 1.259757
78 1.884000 1.195724
79 1.908000 1.120322
80 1.932000 1.032466
81 1.956000 0.948946
82 1.980000 0.862045
83 2.004000 0.786550
84 2.028000 0.714966
85 2.052000 0.650680
86 2.076000 0.587397
87 2.100000 0.532731
88 2.124000 0.484686
89 2.148000 0.442947
90 2.172000 0.402423
91 2.196000 0.370100
92 2.220000 0.344993
93 2.244000 0.320278
94 2.268000 0.298864
95 2.292000 0.280136
96 2.316000 0.269871
97 2.340000 0.254349
98 2.364000 0.246302
99 2.388000 0.244183
100 2.412000 0.240398
101 2.436000 0.239600
102 2.460000 0.240731
103 2.484000 0.243215
104 2.508000 0.246628
105 2.532000 0.255909
106 2.556000 0.265370
107 2.580000 0.278971
108 2.604000 0.298654
109 2.628000 0.316297
110 2.652000 0.341210
111 2.676000 0.369759
112 2.700000 0.402409
113 2.724000 0.442189
114 2.748000 0.483683
115 2.772000 0.535827
116 2.796000 0.592539
117 2.820000 0.650920
118 2.844000 0.720744
119 2.868000 0.796307
120 2.892000 0.871049
121 2.916000 0.955000
122 2.940000 1.037382
123 2.964000 1.116385
124 2.988000 1.191777
125 3.012000 1.265984
126 3.036000 1.330842
127 3.060000 1.392849
128 3.084000 1.445517
129 3.108000 1.487976
130 3.132000 1.516467
131 3.156000 1.537376
132 3.180000 1.549015
133 3.204000 1.547939
134 3.228000 1.545988
135 3.252000 1.532007
136 3.276000 1.511406
137 3.300000 1.484411
138 3.324000 1.452265
139 3.348000 1.425459
140 3.372000 1.393040
141 3.396000 1.357422
142 3.420000 1.324444
143 3.444000 1.293860
144 3.468000 1.259487
145 3.492000 1.235172
146 3.516000 1.206561
147 3.540000 1.181195
148 3.564000 1.158056
149 3.588000 1.137228
150 3.612000 1.118496
151 3.636000 1.102923
152 3.660000 1.088656
153 3.684000 1.077004
154 3.708000 1.064101
155 3.732000 1.056393
156 3.756000 1.048704
157 3.780000 1.042835
158 3.804000 1.037672
159 3.828000 1.031598
160 3.852000 1.028144
161 3.876000 1.022179
162 3.900000 1.020871
163 3.924000 1.017005
164 3.948000 1.016108
165 3.972000 1.010977
166 3.996000 1.010247
167 4.020000 1.006888
168 4.044000 1.004501
169 4.068000 1.002109
170 4.092000 1.001124
171 4.116000 0.997884
172 4.140000 0.995697
173 4.164000 0.995200
174 4.188000 0.990986
175 4.212000 0.989912
176 4.236000 0.988564
177 4.260000 0.983903
178 4.284000 0.983694
179 4.308000 0.981031
180 4.332000 0.981948
181 4.356000 0.978991
182 4.380000 0.975084
183 4.404000 0.977752
184 4.428000 0.978845
185 4.452000 0.973065
186 4.476000 0.975551
187 4.500000 0.974835
188 4.524000 0.972542
189 4.548000 0.973589
190 4.572000 0.975258
191 4.596000 0.976227
192 4.620000 0.977517
193 4.644000 0.976462
194 4.668000 0.978073
195 4.692000 0.978672
196 4.716000 0.981822
197 4.740000 0.983303
198 4.764000 0.983519
199 4.788000 0.985261
200 4.812000 0.986664
201 4.836000 0.983845
202 4.860000 0.985218
203 4.884000 0.988338
204 4.908000 0.989310
205 4.932000 0.992279
206 4.956000 0.993494
207 4.980000 0.993029
208 5.004000 0.995524
209 5.028000 0.996132
210 5.052000 0.996786
211 5.076000 0.996644
212 5.100000 0.999532
213 5.124000 0.998505
214 5.148000 1.000020
215 5.172000 1.001487
216 5.196000 1.000827
217 5.220000 1.001444
218 5.244000 1.001114
219 5.268000 1.000556
220 5.292000 1.001463
221 5.316000 1.000656
222 5.340000 1.000811
223 5.364000 1.000030
224 5.388000 0.998779
225 5.412000 0.998176
226 5.436000 0.999126
227 5.460000 0.995558
228 5.484000 0.996451
229 5.508000 0.993315
230 5.532000 0.991981
231 5.556000 0.990970
232 5.580000 0.990341
233 5.604000 0.989405
234 5.628000 0.987534
235 5.652000 0.987197
236 5.676000 0.984242
237 5.700000 0.982987
238 5.724000 0.983217
239 5.748000 0.980846
240 5.772000 0.981210
241 5.796000 0.979419
242 5.820000 0.979360
243 5.844000 0.977813
244 5.868000 0.975440
245 5.892000 0.974318
246 5.916000 0.975138
247 5.940000 0.974067
248 5.964000 0.974413
249 5.988000 0.972631
250 6.012000 0.973228
251 6.036000 0.973534
252 6.060000 0.972506
253 6.084000 0.972836
254 6.108000 0.971652
255 6.132000 0.972557
256 6.156000 0.973437
257 6.180000 0.973287
258 6.204000 0.972932
259 6.228000 0.974566
260 6.252000 0.976056
261 6.276000 0.977548
262 6.300000 0.977217
263 6.324000 0.978783
264 6.348000 0.978443
265 6.372000 0.979516
266 6.396000 0.981547
267 6.420000 0.982118
268 6.444000 0.982966
269 6.468000 0.984919
270 6.492000 0.988092
271 6.516000 0.988800
272 6.540000 0.990575
273 6.564000 0.991376
274 6.588000 0.995851
275 6.612000 0.994615
276 6.636000 0.997521
277 6.660000 0.998548
278 6.684000 1.000946
279 6.708000 1.001603
280 6.732000 1.002645
281 6.756000 1.003606
282 6.780000 1.006080
283 6.804000 1.008031
284 6.828000 1.009325
285 6.852000 1.010309
286 6.876000 1.012260
287 6.900000 1.012989
288 6.924000 1.016598
289 6.948000 1.016183
290 6.972000 1.017623
291 6.996000 1.018340
292 7.020000 1.020290
293 7.044000 1.020510
294 7.068000 1.020791
295 7.092000 1.021969
296 7.116000 1.021968
297 7.140000 1.023883
298 7.164000 1.021978
299 7.188000 1.022945
300 7.212000 1.023199
301 7.236000 1.023418
302 7.260000 1.024456
303 7.284000 1.023065
304 7.308000 1.022760
305 7.332000 1.022669
306 7.356000 1.022904
307 7.380000 1.021358
308 7.404000 1.020485
309 7.428000 1.020395
310 7.452000 1.017510
311 7.476000 1.018071
312 7.500000 1.017324
313 7.524000 1.016249
314 7.548000 1.016836
315 7.572000 1.015791
316 7.596000 1.013586
317 7.620000 1.013059
318 7.644000 1.012207
319 7.668000 1.011520
320 7.692000 1.009873
321 7.716000 1.006869
322 7.740000 1.007565
323 7.764000 1.008213
324 7.788000 1.006607
325 7.812000 1.006078
326 7.836000 1.005251
327 7.860000 1.003696
328 7.884000 1.002804
329 7.908000 1.002429
330 7.932000 1.001265
331 7.956000 0.999820
332 7.980000 0.999215
333 8.004000 0.999664
334 8.028000 0.997453
335 8.052000 0.998887
336 8.076000 0.996121
337 8.100000 0.995774
338 8.124000 0.995944
339 8.148000 0.995309
340 8.172000 0.993894
341 8.196000 0.992930
342 8.220000 0.995184
343 8.244000 0.993371
344 8.268000 0.992610
345 8.292000 0.993384
346 8.316000 0.993776
347 8.340000 0.992993
348 8.364000 0.992114
349 8.388000 0.991644
350 8.412000 0.991504
351 8.436000 0.990387
352 8.460000 0.990600
353 8.484000 0.991173
354 8.508000 0.991005
355 8.532000 0.991247
356 8.556000 0.991317
357 8.580000 0.991168
358 8.604000 0.992244
359 8.628000 0.991781
360 8.652000 0.990425
361 8.676000 0.991021
362 8.700000 0.991556
363 8.724000 0.991471
364 8.748000 0.992473
365 8.772000 0.992423
366 8.796000 0.992075
367 8.820000 0.993047
368 8.844000 0.992764
369 8.868000 0.993238
370 8.892000 0.994433
371 8.916000 0.993869
372 8.940000 0.994790
373 8.964000 0.994852
374 8.988000 0.995272
375 9.012000 0.995713
376 9.036000 0.995264
377 9.060000 0.997218
378 9.084000 0.996287
379 9.108000 0.997078
380 9.132000 0.997294
381 9.156000 0.998650
382 9.180000 0.998344
383 9.204000 0.997997
384 9.228000 0.998553
385 9.252000 0.997819
386 9.276000 0.998889
387 9.300000 0.999270
388 9.324000 0.999775
389 9.348000 0.999638
390 9.372000 0.999333
391 9.396000 0.999154
392 9.420000 0.999994
393 9.444000 0.999376
394 9.468000 0.999807
395 9.492000 1.000701
396 9.516000 1.000903
397 9.540000 1.001673
398 9.564000 1.001272
399 9.588000 1.002381
400 9.612000 1.001494
401 9.636000 1.001311
402 9.660000 1.001327
403 9.684000 1.002350
404 9.708000 1.002276
405 9.732000 1.002500
406 9.756000 1.001969
407 9.780000 1.002139
408 9.804000 1.001770
409 9.828000 1.002005
410 9.852000 1.001231
411 9.876000 1.002140
412 9.900000 1.001934
413 9.924000 1.001786
414 9.948000 1.001882
415 9.972000 1.002229
416 9.996000 1.002101
417 10.020000 1.002645
418 10.044000 1.001950
419 10.068000 1.001073
420 10.092000 1.001566
421 10.116000 1.001394
422 10.140000 1.001999
423 10.164000 1.001645
424 10.188000 1.001831
425 10.212000 1.001790
426 10.236000 1.001778
427 10.260000 1.001994
428 10.284000 1.002233
429 10.308000 1.001844
430 10.332000 1.001675
431 10.356000 1.001496
432 10.380000 1.001890
433 10.404000 1.001051
434 10.428000 1.001469
435 10.452000 1.002841
436 10.476000 1.001407
437 10.500000 1.001652
438 10.524000 1.000586
439 10.548000 1.001517
440 10.572000 1.002271
441 10.596000 1.000817
442 10.620000 1.001008
443 10.644000 1.000089
444 10.668000 1.000606
445 10.692000 1.000229
446 10.716000 0.999511
447 10.740000 0.998558
448 10.764000 0.998729
449 10.788000 0.999380
450 10.812000 0.999856
451 10.836000 0.999897
452 10.860000 0.999002
453 10.884000 0.998944
454 10.908000 0.999562
455 10.932000 0.998937
456 10.956000 0.999143
457 10.980000 0.998730
458 11.004000 1.000154
459 11.028000 0.999139
460 11.052000 0.999739
461 11.076000 0.998915
462 11.100000 0.999848
463 11.124000 1.000037
464 11.148000 1.000199
465 11.172000 0.999979
466 11.196000 1.000599
467 11.220000 1.000274
468 11.244000 0.999960
469 11.268000 1.000152
470 11.292000 1.000388
471 11.316000 1.000613
472 11.340000 1.000803
473 11.364000 0.999799
474 11.388000 1.000318
475 11.412000 1.000140
476 11.436000 1.000025
477 11.460000 1.000010
478 11.484000 1.000282
479 11.508000 1.000718
480 11.532000 1.001063
481 11.556000 1.000903
482 11.580000 1.000453
483 11.604000 0.999841
484 11.628000 0.999462
485 11.652000 0.999204
486 11.676000 0.998889
487 11.700000 0.999679
488 11.724000 0.998835
489 11.748000 0.999825
490 11.772000 0.999168
491 11.796000 0.998659
492 11.820000 0.998699
493 11.844000 0.998738
494 11.868000 0.998623
495 11.892000 0.998162
496 11.916000 0.998143
497 11.940000 0.997573
498 11.964000 0.999073
499 11.988000 0.998584
