0 0.012000 0.000000
1 0.036000 0.000000
2 0.060000 0.000000
3 0.084000 0.000000
4 0.108000 0.000000
5 0.132000 0.000000
6 0.156000 0.000000
7 0.180000 0.000000
8 0.204000 0.000000
9 0.228000 0.000000
10 0.252000 0.000000
11 0.276000 0.000000
12 0.300000 0.000000
13 0.324000 0.000000
14 0.348000 0.000000
15 0.372000 0.000000
16 0.396000 0.000000
17 0.420000 0.000000
18 0.444000 0.000000
19 0.468000 0.000000
20 0.492000 0.000000
21 0.516000 0.000000
22 0.540000 0.000000
23 0.564000 0.000000
24 0.588000 0.000000
25 0.612000 0.000000
26 0.636000 0.000000
27 0.660000 0.000000
28 0.684000 0.000000
29 0.708000 0.000000
30 0.732000 0.000000
31 0.756000 0.000000
32 0.780000 0.000000
33 0.804000 0.000000
34 0.828000 0.000000
35 0.852000 0.000000
36 0.876000 0.000000
37 0.900000 0.000000
38 0.924000 0.000000
39 0.948000 0.000000
40 0.972000 0.000000
41 0.996000 0.000000
42 1.020000 0.000000
43 1.044000 0.000000
44 1.068000 0.000000
45 1.092000 0.000000
46 1.116000 0.000000
47 1.140000 0.000000
48 1.164000 0.000000
49 1.188000 0.000000
50 1.212000 0.000000
51 1.236000 0.000000
52 1.260000 0.000000
53 1.284000 0.000000
54 1.308000 0.000000
55 1.332000 0.000024
56 1.356000 0.000061
57 1.380000 0.000128
58 1.404000 0.000199
59 1.428000 0.000285
60 1.452000 0.000623
61 1.476000 0.000831
62 1.500000 0.001128
63 1.524000 0.001562
64 1.548000 0.002286
65 1.572000 0.003589
66 1.596000 0.004981
67 1.620000 0.006679
68 1.644000 0.009330
69 1.668000 0.011373
70 1.692000 0.014963
71 1.716000 0.019689
72 1.740000 0.025521
73 1.764000 0.033990
74 1.788000 0.042297
75 1.812000 0.052619
76 1.836000 0.068121
77 1.860000 0.085540
78 1.884000 0.105775
79 1.908000 0.131284
80 1.932000 0.166213
81 1.956000 0.206711
82 1.980000 0.255888
83 2.004000 0.313786
84 2.028000 0.384353
85 2.052000 0.468190
86 2.076000 0.562924
87 2.100000 0.663919
88 2.124000 0.774195
89 2.148000 0.882597
90 2.172000 0.999711
91 2.196000 1.107516
92 2.220000 1.204099
93 2.244000 1.294655
94 2.268000 1.368690
95 2.292000 1.421346
96 2.316000 1.461809
97 2.340000 1.480784
98 2.364000 1.484000
99 2.388000 1.470513
100 2.412000 1.448788
101 2.436000 1.410828
102 2.460000 1.374585
103 2.484000 1.324208
104 2.508000 1.276626
105 2.532000 1.219481
106 2.556000 1.169257
107 2.580000 1.119581
108 2.604000 1.070422
109 2.628000 1.024980
110 2.652000 0.982918
111 2.676000 0.944511
112 2.700000 0.909665
113 2.724000 0.878387
114 2.748000 0.853027
115 2.772000 0.829856
116 2.796000 0.811536
117 2.820000 0.798052
118 2.844000 0.788257
119 2.868000 0.780836
120 2.892000 0.769233
121 2.916000 0.768645
122 2.940000 0.770444
123 2.964000 0.771603
124 2.988000 0.776293
125 3.012000 0.781137
126 3.036000 0.787492
127 3.060000 0.796187
128 3.084000 0.806102
129 3.108000 0.816933
130 3.132000 0.827013
131 3.156000 0.841398
132 3.180000 0.856612
133 3.204000 0.866838
134 3.228000 0.882486
135 3.252000 0.899561
136 3.276000 0.916440
137 3.300000 0.934276
138 3.324000 0.950608
139 3.348000 0.966327
140 3.372000 0.984797
141 3.396000 1.003943
142 3.420000 1.020118
143 3.444000 1.036703
144 3.468000 1.055952
145 3.492000 1.074236
146 3.516000 1.094098
147 3.540000 1.107807
148 3.564000 1.121879
149 3.588000 1.136884
150 3.612000 1.145599
151 3.636000 1.152211
152 3.660000 1.155998
153 3.684000 1.157610
154 3.708000 1.155685
155 3.732000 1.151532
156 3.756000 1.142990
157 3.780000 1.136031
158 3.804000 1.127837
159 3.828000 1.116514
160 3.852000 1.103210
161 3.876000 1.094046
162 3.900000 1.082491
163 3.924000 1.072987
164 3.948000 1.065413
165 3.972000 1.056448
166 3.996000 1.048443
167 4.020000 1.042442
168 4.044000 1.034841
169 4.068000 1.029801
170 4.092000 1.027372
171 4.116000 1.026839
172 4.140000 1.023033
173 4.164000 1.021971
174 4.188000 1.020884
175 4.212000 1.019597
176 4.236000 1.021667
177 4.260000 1.019778
178 4.284000 1.023389
179 4.308000 1.023363
180 4.332000 1.024849
181 4.356000 1.026865
182 4.380000 1.029842
183 4.404000 1.029647
184 4.428000 1.031195
185 4.452000 1.032280
186 4.476000 1.033306
187 4.500000 1.034621
188 4.524000 1.036002
189 4.548000 1.035158
190 4.572000 1.036068
191 4.596000 1.034930
192 4.620000 1.034743
193 4.644000 1.034712
194 4.668000 1.032918
195 4.692000 1.029446
196 4.716000 1.029413
197 4.740000 1.027047
198 4.764000 1.025588
199 4.788000 1.022111
200 4.812000 1.018655
201 4.836000 1.017419
202 4.860000 1.013726
203 4.884000 1.011417
204 4.908000 1.007402
205 4.932000 1.003830
206 4.956000 1.001384
207 4.980000 0.999009
208 5.004000 0.995881
209 5.028000 0.994310
210 5.052000 0.989845
211 5.076000 0.989707
212 5.100000 0.986444
213 5.124000 0.983892
214 5.148000 0.979556
215 5.172000 0.981359
216 5.196000 0.980549
217 5.220000 0.977173
218 5.244000 0.977185
219 5.268000 0.974176
220 5.292000 0.973088
221 5.316000 0.973418
222 5.340000 0.973838
223 5.364000 0.971615
224 5.388000 0.971022
225 5.412000 0.972882
226 5.436000 0.970804
227 5.460000 0.971343
228 5.484000 0.972909
229 5.508000 0.973894
230 5.532000 0.974663
231 5.556000 0.974573
232 5.580000 0.976505
233 5.604000 0.977238
234 5.628000 0.976512
235 5.652000 0.978636
236 5.676000 0.981045
237 5.700000 0.979979
238 5.724000 0.981798
239 5.748000 0.982159
240 5.772000 0.984817
241 5.796000 0.984431
242 5.820000 0.985393
243 5.844000 0.987485
244 5.868000 0.987898
245 5.892000 0.988448
246 5.916000 0.988256
247 5.940000 0.988228
248 5.964000 0.988471
249 5.988000 0.990534
250 6.012000 0.991638
251 6.036000 0.990369
252 6.060000 0.991124
253 6.084000 0.990603
254 6.108000 0.990457
255 6.132000 0.991277
256 6.156000 0.990475
257 6.180000 0.989491
258 6.204000 0.990512
259 6.228000 0.990975
260 6.252000 0.990938
261 6.276000 0.991291
262 6.300000 0.991255
263 6.324000 0.992109
264 6.348000 0.992830
265 6.372000 0.993155
266 6.396000 0.993119
267 6.420000 0.994116
268 6.444000 0.992390
269 6.468000 0.993918
270 6.492000 0.994210
271 6.516000 0.994744
272 6.540000 0.996184
273 6.564000 0.996121
274 6.588000 0.996102
275 6.612000 0.996866
276 6.636000 0.997346
277 6.660000 0.998836
278 6.684000 0.998894
279 6.708000 0.999725
280 6.732000 1.001301
281 6.756000 1.001044
282 6.780000 1.002881
283 6.804000 1.002588
284 6.828000 1.003979
285 6.852000 1.004218
286 6.876000 1.003799
287 6.900000 1.005253
288 6.924000 1.005512
289 6.948000 1.005356
290 6.972000 1.007273
291 6.996000 1.006312
292 7.020000 1.008425
293 7.044000 1.007298
294 7.068000 1.007608
295 7.092000 1.008571
296 7.116000 1.009080
297 7.140000 1.007279
298 7.164000 1.008665
299 7.188000 1.008838
300 7.212000 1.010339
301 7.236000 1.010471
302 7.260000 1.010385
303 7.284000 1.010118
304 7.308000 1.010636
305 7.332000 1.010546
306 7.356000 1.012876
307 7.380000 1.011149
308 7.404000 1.011596
309 7.428000 1.011861
310 7.452000 1.012689
311 7.476000 1.011815
312 7.500000 1.011201
313 7.524000 1.011763
314 7.548000 1.011325
315 7.572000 1.011051
316 7.596000 1.011576
317 7.620000 1.010193
318 7.644000 1.011249
319 7.668000 1.011270
320 7.692000 1.012008
321 7.716000 1.011398
322 7.740000 1.010741
323 7.764000 1.010611
324 7.788000 1.010657
325 7.812000 1.010889
326 7.836000 1.009581
327 7.860000 1.008946
328 7.884000 1.008609
329 7.908000 1.008713
330 7.932000 1.007679
331 7.956000 1.007627
332 7.980000 1.006398
333 8.004000 1.005833
334 8.028000 1.004887
335 8.052000 1.004488
336 8.076000 1.004272
337 8.100000 1.003570
338 8.124000 1.002713
339 8.148000 1.003852
340 8.172000 1.002885
341 8.196000 1.002304
342 8.220000 1.002469
343 8.244000 1.001498
344 8.268000 1.002070
345 8.292000 1.000780
346 8.316000 0.999996
347 8.340000 0.999511
348 8.364000 0.998771
349 8.388000 0.997309
350 8.412000 0.996930
351 8.436000 0.996645
352 8.460000 0.996446
353 8.484000 0.995820
354 8.508000 0.996331
355 8.532000 0.996333
356 8.556000 0.994907
357 8.580000 0.995385
358 8.604000 0.995193
359 8.628000 0.994740
360 8.652000 0.995123
361 8.676000 0.994750
362 8.700000 0.995308
363 8.724000 0.994255
364 8.748000 0.995254
365 8.772000 0.994623
366 8.796000 0.995075
367 8.820000 0.995549
368 8.844000 0.994822
369 8.868000 0.994904
370 8.892000 0.995593
371 8.916000 0.995325
372 8.940000 0.995778
373 8.964000 0.996887
374 8.988000 0.994960
375 9.012000 0.995978
376 9.036000 0.996432
377 9.060000 0.996145
378 9.084000 0.996558
379 9.108000 0.996447
380 9.132000 0.996608
381 9.156000 0.996752
382 9.180000 0.997154
383 9.204000 0.997441
384 9.228000 0.997942
385 9.252000 0.997901
386 9.276000 0.997316
387 9.300000 0.997508
388 9.324000 0.998064
389 9.348000 0.997840
390 9.372000 0.998181
391 9.396000 0.999687
392 9.420000 0.998966
393 9.444000 0.997863
394 9.468000 0.999563
395 9.492000 0.999909
396 9.516000 0.999189
397 9.540000 0.999857
398 9.564000 0.999827
399 9.588000 1.000178
400 9.612000 0.999817
401 9.636000 1.001640
402 9.660000 1.001143
403 9.684000 1.001240
404 9.708000 1.000968
405 9.732000 1.001067
406 9.756000 1.000398
407 9.780000 1.000788
408 9.804000 1.001096
409 9.828000 1.001620
410 9.852000 1.001650
411 9.876000 1.002190
412 9.900000 1.002127
413 9.924000 1.001988
414 9.948000 1.002671
415 9.972000 1.002273
416 9.996000 1.001705
417 10.020000 1.003081
418 10.044000 1.003368
419 10.068000 1.003252
420 10.092000 1.002437
421 10.116000 1.003192
422 10.140000 1.003690
423 10.164000 1.003030
424 10.188000 1.002718
425 10.212000 1.003646
426 10.236000 1.003628
427 10.260000 1.003267
428 10.284000 1.003465
429 10.308000 1.003600
430 10.332000 1.003423
431 10.356000 1.003400
432 10.380000 1.003390
433 10.404000 1.003018
434 10.428000 1.003370
435 10.452000 1.002337
436 10.476000 1.002609
437 10.500000 1.002359
438 10.524000 1.002650
439 10.548000 1.003005
440 10.572000 1.002371
441 10.596000 1.002991
442 10.620000 1.002917
443 10.644000 1.001765
444 10.668000 1.002107
445 10.692000 1.001940
446 10.716000 1.001917
447 10.740000 1.001622
448 10.764000 1.001600
449 10.788000 1.002309
450 10.812000 1.001617
451 10.836000 1.001942
452 10.860000 1.001960
453 10.884000 1.002283
454 10.908000 1.001172
455 10.932000 1.001447
456 10.956000 1.001772
457 10.980000 1.001991
458 11.004000 1.001500
459 11.028000 1.001079
460 11.052000 1.000655
461 11.076000 1.001087
462 11.100000 1.000794
463 11.124000 1.000762
464 11.148000 1.000958
465 11.172000 1.001074
466 11.196000 1.000992
467 11.220000 1.000679
468 11.244000 1.000595
469 11.268000 0.999867
470 11.292000 1.000494
471 11.316000 1.000327
472 11.340000 1.000646
473 11.364000 1.000563
474 11.388000 1.000120
475 11.412000 1.000333
476 11.436000 0.999656
477 11.460000 0.999857
478 11.484000 0.999185
479 11.508000 0.999287
480 11.532000 0.999024
481 11.556000 0.998358
482 11.580000 0.998564
483 11.604000 0.999192
484 11.628000 0.997979
485 11.652000 0.998415
486 11.676000 0.998589
487 11.700000 0.998911
488 11.724000 0.998528
489 11.748000 0.998802
490 11.772000 0.999294
491 11.796000 0.998827
492 11.820000 0.998720
493 11.844000 0.999338
494 11.868000 0.999657
495 11.892000 0.999887
496 11.916000 0.999606
497 11.940000 1.000496
498 11.964000 1.000072
499 11.988000 0.999508
