#Temperature (K)	Pressure (MPa)	Density (kg/m3)	Volume (m3/kg)	Internal Energy (kJ/mol)	Enthalpy (kJ/mol)	Entropy (J/mol*K)	Cv (J/mol*K)	Cp (J/mol*K)	Sound Spd. (m/s)	Joule-Thomson (K/MPa)	Viscosity (uPa*s)	Therm. Cond. (W/m*K)	Phase
217.00	0.52722	13.995	0.071452	17.291	18.949	94.033	27.742	40.102	222.83	26.040	10.973	0.011047	vapor
218.00	0.55042	14.584	0.068571	17.304	18.965	93.779	27.866	40.376	222.94	25.714	11.027	0.011131	vapor
219.00	0.57439	15.191	0.065830	17.317	18.981	93.526	27.992	40.656	223.05	25.396	11.081	0.011216	vapor
220.00	0.59913	15.817	0.063221	17.329	18.996	93.276	28.120	40.943	223.15	25.084	11.135	0.011301	vapor
221.00	0.62467	16.464	0.060738	17.341	19.011	93.028	28.249	41.238	223.23	24.779	11.190	0.011388	vapor
222.00	0.65102	17.131	0.058372	17.353	19.026	92.782	28.380	41.539	223.31	24.480	11.244	0.011475	vapor
223.00	0.67819	17.820	0.056118	17.365	19.040	92.537	28.512	41.848	223.38	24.186	11.299	0.011564	vapor
224.00	0.70621	18.530	0.053968	17.376	19.054	92.295	28.646	42.165	223.44	23.899	11.354	0.011654	vapor
225.00	0.73509	19.261	0.051917	17.387	19.067	92.055	28.782	42.489	223.49	23.617	11.409	0.011745	vapor
226.00	0.76484	20.016	0.049960	17.398	19.080	91.816	28.920	42.822	223.52	23.341	11.465	0.011838	vapor
227.00	0.79548	20.794	0.048092	17.409	19.092	91.579	29.059	43.164	223.55	23.070	11.521	0.011932	vapor
228.00	0.82703	21.595	0.046307	17.419	19.104	91.344	29.200	43.515	223.57	22.805	11.576	0.012027	vapor
229.00	0.85950	22.421	0.044602	17.429	19.116	91.110	29.343	43.875	223.58	22.544	11.633	0.012123	vapor
230.00	0.89291	23.271	0.042971	17.438	19.127	90.878	29.488	44.244	223.57	22.288	11.689	0.012221	vapor
231.00	0.92728	24.147	0.041412	17.447	19.137	90.647	29.635	44.623	223.56	22.037	11.746	0.012321	vapor
232.00	0.96262	25.050	0.039920	17.456	19.147	90.417	29.783	45.013	223.54	21.790	11.803	0.012422	vapor
233.00	0.99896	25.979	0.038493	17.465	19.157	90.189	29.934	45.414	223.50	21.548	11.860	0.012525	vapor
234.00	1.0363	26.936	0.037125	17.473	19.166	89.962	30.086	45.825	223.46	21.311	11.918	0.012629	vapor
235.00	1.0747	27.921	0.035816	17.481	19.175	89.736	30.241	46.248	223.40	21.077	11.976	0.012736	vapor
236.00	1.1141	28.935	0.034561	17.488	19.183	89.511	30.397	46.684	223.33	20.848	12.034	0.012844	vapor
237.00	1.1545	29.978	0.033358	17.495	19.190	89.288	30.555	47.131	223.26	20.622	12.093	0.012954	vapor
238.00	1.1961	31.052	0.032204	17.502	19.197	89.065	30.715	47.592	223.17	20.401	12.152	0.013067	vapor
239.00	1.2387	32.158	0.031097	17.509	19.204	88.843	30.878	48.067	223.07	20.183	12.212	0.013181	vapor
240.00	1.2825	33.295	0.030034	17.515	19.210	88.622	31.042	48.555	222.96	19.969	12.272	0.013297	vapor
241.00	1.3274	34.466	0.029014	17.520	19.215	88.401	31.209	49.059	222.84	19.759	12.332	0.013416	vapor
242.00	1.3734	35.670	0.028035	17.525	19.220	88.182	31.378	49.579	222.70	19.552	12.393	0.013538	vapor
243.00	1.4206	36.909	0.027094	17.530	19.224	87.962	31.549	50.115	222.56	19.348	12.455	0.013661	vapor
244.00	1.4690	38.184	0.026189	17.534	19.227	87.744	31.723	50.669	222.40	19.148	12.517	0.013788	vapor
245.00	1.5185	39.496	0.025319	17.538	19.230	87.526	31.899	51.242	222.24	18.950	12.579	0.013917	vapor
246.00	1.5693	40.845	0.024483	17.541	19.232	87.308	32.078	51.834	222.06	18.756	12.643	0.014049	vapor
247.00	1.6214	42.234	0.023678	17.544	19.234	87.090	32.261	52.447	221.86	18.564	12.707	0.014184	vapor
248.00	1.6746	43.662	0.022903	17.547	19.235	86.873	32.446	53.081	221.66	18.375	12.771	0.014323	vapor
249.00	1.7292	45.132	0.022157	17.549	19.235	86.656	32.635	53.739	221.44	18.189	12.836	0.014465	vapor
250.00	1.7850	46.644	0.021439	17.550	19.234	86.439	32.827	54.421	221.22	18.005	12.902	0.014610	vapor
251.00	1.8422	48.200	0.020747	17.551	19.233	86.222	33.023	55.129	220.97	17.823	12.969	0.014759	vapor
252.00	1.9007	49.801	0.020080	17.551	19.231	86.005	33.223	55.863	220.72	17.644	13.037	0.014912	vapor
253.00	1.9605	51.448	0.019437	17.551	19.228	85.788	33.426	56.626	220.45	17.466	13.105	0.015069	vapor
254.00	2.0217	53.144	0.018817	17.550	19.224	85.570	33.633	57.419	220.17	17.291	13.174	0.015230	vapor
255.00	2.0843	54.889	0.018219	17.549	19.220	85.352	33.844	58.244	219.87	17.117	13.245	0.015396	vapor
256.00	2.1483	56.685	0.017641	17.547	19.215	85.134	34.058	59.103	219.56	16.946	13.316	0.015567	vapor
257.00	2.2138	58.534	0.017084	17.544	19.208	84.915	34.277	59.996	219.24	16.776	13.389	0.015743	vapor
258.00	2.2806	60.438	0.016546	17.541	19.201	84.696	34.499	60.928	218.90	16.608	13.462	0.015925	vapor
259.00	2.3490	62.398	0.016026	17.537	19.194	84.475	34.725	61.899	218.55	16.442	13.537	0.016112	vapor
260.00	2.4188	64.417	0.015524	17.532	19.185	84.254	34.955	62.912	218.19	16.277	13.614	0.016306	vapor
261.00	2.4901	66.497	0.015038	17.527	19.175	84.033	35.189	63.970	217.81	16.114	13.691	0.016506	vapor
262.00	2.5630	68.640	0.014569	17.521	19.164	83.810	35.427	65.077	217.41	15.952	13.770	0.016713	vapor
263.00	2.6374	70.848	0.014115	17.514	19.152	83.585	35.668	66.235	217.01	15.792	13.851	0.016928	vapor
264.00	2.7134	73.124	0.013675	17.506	19.139	83.360	35.914	67.448	216.59	15.633	13.933	0.017150	vapor
265.00	2.7909	75.471	0.013250	17.498	19.125	83.133	36.164	68.721	216.15	15.476	14.017	0.017381	vapor
266.00	2.8701	77.891	0.012838	17.488	19.110	82.905	36.418	70.058	215.70	15.319	14.103	0.017621	vapor
267.00	2.9509	80.388	0.012440	17.478	19.094	82.675	36.676	71.465	215.24	15.164	14.191	0.017871	vapor
268.00	3.0334	82.965	0.012053	17.467	19.076	82.443	36.940	72.948	214.76	15.010	14.282	0.018131	vapor
269.00	3.1175	85.626	0.011679	17.455	19.057	82.209	37.208	74.513	214.26	14.857	14.374	0.018403	vapor
270.00	3.2033	88.374	0.011316	17.441	19.037	81.972	37.482	76.168	213.75	14.704	14.469	0.018687	vapor
271.00	3.2909	91.213	0.010963	17.427	19.015	81.734	37.762	77.921	213.23	14.552	14.567	0.018983	vapor
272.00	3.3802	94.148	0.010622	17.412	18.992	81.492	38.048	79.781	212.68	14.401	14.667	0.019294	vapor
273.00	3.4713	97.183	0.010290	17.395	18.967	81.248	38.341	81.760	212.13	14.250	14.770	0.019621	vapor
274.00	3.5642	100.32	0.0099677	17.378	18.941	81.001	38.641	83.869	211.55	14.098	14.877	0.019964	vapor
275.00	3.6589	103.58	0.0096547	17.359	18.913	80.750	38.949	86.123	210.96	13.947	14.987	0.020325	vapor
276.00	3.7555	106.95	0.0093505	17.338	18.884	80.496	39.265	88.536	210.35	13.796	15.101	0.020706	vapor
277.00	3.8539	110.44	0.0090547	17.316	18.852	80.238	39.590	91.129	209.72	13.645	15.219	0.021108	vapor
278.00	3.9542	114.07	0.0087669	17.293	18.819	79.976	39.925	93.920	209.07	13.492	15.342	0.021535	vapor
279.00	4.0565	117.83	0.0084868	17.268	18.783	79.709	40.271	96.936	208.41	13.339	15.469	0.021987	vapor
280.00	4.1607	121.74	0.0082140	17.241	18.746	79.437	40.628	100.20	207.72	13.185	15.601	0.022468	vapor
281.00	4.2670	125.81	0.0079482	17.213	18.706	79.160	40.998	103.76	207.01	13.029	15.740	0.022980	vapor
282.00	4.3752	130.05	0.0076891	17.183	18.663	78.877	41.382	107.64	206.28	12.872	15.884	0.023528	vapor
283.00	4.4855	134.48	0.0074362	17.150	18.618	78.588	41.781	111.89	205.52	12.713	16.035	0.024114	vapor
284.00	4.5978	139.09	0.0071894	17.115	18.570	78.291	42.196	116.58	204.74	12.551	16.194	0.024745	vapor
285.00	4.7123	143.92	0.0069482	17.078	18.519	77.987	42.629	121.77	203.94	12.387	16.361	0.025424	vapor
286.00	4.8289	148.98	0.0067123	17.039	18.465	77.674	43.083	127.54	203.10	12.220	16.537	0.026158	vapor
287.00	4.9478	154.29	0.0064814	16.996	18.407	77.352	43.560	134.00	202.24	12.049	16.723	0.026956	vapor
288.00	5.0688	159.87	0.0062552	16.950	18.346	77.020	44.061	141.29	201.34	11.874	16.921	0.027824	vapor
289.00	5.1921	165.75	0.0060332	16.901	18.280	76.676	44.592	149.57	200.41	11.694	17.132	0.028775	vapor
290.00	5.3177	171.96	0.0058152	16.848	18.209	76.319	45.155	159.06	199.45	11.509	17.357	0.029821	vapor
291.00	5.4457	178.55	0.0056007	16.791	18.134	75.948	45.755	170.04	198.44	11.317	17.599	0.030978	vapor
292.00	5.5761	185.55	0.0053893	16.729	18.052	75.560	46.398	182.90	197.38	11.117	17.860	0.032266	vapor
293.00	5.7089	193.03	0.0051804	16.662	17.964	75.153	47.093	198.14	196.27	10.909	18.143	0.033711	vapor
294.00	5.8443	201.06	0.0049736	16.589	17.868	74.725	47.848	216.51	195.09	10.690	18.452	0.035346	vapor
295.00	5.9822	209.72	0.0047682	16.509	17.764	74.270	48.677	239.04	193.84	10.459	18.792	0.037215	vapor
296.00	6.1227	219.14	0.0045634	16.420	17.650	73.786	49.597	267.32	192.49	10.214	19.170	0.039380	vapor
297.00	6.2660	229.46	0.0043581	16.321	17.523	73.264	50.632	303.81	191.01	9.9510	19.595	0.041929	vapor
298.00	6.4121	240.90	0.0041511	16.210	17.381	72.696	51.819	352.64	189.38	9.6668	20.078	0.044993	vapor
299.00	6.5611	253.78	0.0039404	16.083	17.221	72.069	53.213	421.26	187.52	9.3556	20.639	0.048787	vapor
300.00	6.7131	268.58	0.0037232	15.935	17.035	71.364	54.908	524.64	185.33	9.0093	21.306	0.053689	vapor
301.00	6.8683	286.15	0.0034947	15.758	16.814	70.545	57.088	697.95	182.61	8.6134	22.130	0.060462	vapor
302.00	7.0268	308.15	0.0032452	15.532	16.536	69.545	60.187	1047.4	178.91	8.1391	23.214	0.071012	vapor
303.00	7.1890	339.00	0.0029499	15.213	16.146	68.183	65.687	2094.8	172.71	7.5121	24.835	0.092355	vapor
304.00	7.3555	406.42	0.0024605	14.516	15.313	65.372	91.005	24449.	147.62	6.3745	28.825	0.23663	vapor

