#Percentage conformations found in torsional forms:
#--------------------------------------------------
# synperiplanar form         [-30:30,330:360]: 0.539640 %
# synclinal+ (gauche+) form           [30:90]: 30.009255 %
# anticlinal+ form                   [90:150]: 2.435291 %
# antiperiplanar+ (trans,anti) form [150:210]: 43.386416 %
# anticlinal- form                  [210:270]: 1.965120 %
# synclinal- (gauche-) form         [270:330]: 21.664277 %
0 1.49107e-05
0.36 1.56754e-05
0.72 1.55711e-05
1.08 1.66833e-05
1.44 1.75175e-05
1.8 1.71526e-05
2.16 1.95856e-05
2.52 1.93249e-05
2.88 1.85081e-05
3.24 1.81779e-05
3.6 1.9238e-05
3.96 1.96898e-05
4.32 2.05761e-05
4.68 2.06283e-05
5.04 2.15493e-05
5.4 2.17752e-05
5.76 2.13234e-05
6.12 2.34436e-05
6.48 2.05587e-05
6.84 2.16536e-05
7.2 2.2957e-05
7.56 2.27658e-05
7.92 2.43299e-05
8.28 2.44689e-05
8.64 2.54073e-05
9 2.69193e-05
9.36 2.57897e-05
9.72 2.65196e-05
10.08 2.92654e-05
10.44 3.20459e-05
10.8 2.90568e-05
11.16 3.04645e-05
11.52 3.17679e-05
11.88 3.54174e-05
12.24 3.63732e-05
12.6 3.71378e-05
12.96 4.03876e-05
13.32 3.9258e-05
13.68 4.20559e-05
14.04 4.24035e-05
14.4 4.57054e-05
14.76 4.72521e-05
15.12 4.99284e-05
15.48 5.14056e-05
15.84 5.15272e-05
16.2 5.59935e-05
16.56 6.00427e-05
16.92 6.29623e-05
17.28 6.63337e-05
17.64 7.0435e-05
18 7.67434e-05
18.36 7.76471e-05
18.72 8.36253e-05
19.08 8.56238e-05
19.44 9.19322e-05
19.8 0.000100726
20.16 0.000102342
20.52 0.000108477
20.88 0.000114907
21.24 0.000122084
21.6 0.000129418
21.96 0.00013616
22.32 0.000143546
22.68 0.000157918
23.04 0.000162298
23.4 0.000170848
23.76 0.000179555
24.12 0.000189964
24.48 0.00019947
24.84 0.000216814
25.2 0.000226251
25.56 0.00023633
25.92 0.000249781
26.28 0.000264362
26.64 0.000287284
27 0.000300509
27.36 0.000310606
27.72 0.000331095
28.08 0.000350142
28.44 0.000370822
28.8 0.000393675
29.16 0.000412913
29.52 0.000442665
29.88 0.000462302
30.24 0.000495634
30.6 0.000519582
30.96 0.000555625
31.32 0.000593684
31.68 0.000628771
32.04 0.000665075
32.4 0.000700753
32.76 0.000743521
33.12 0.000793554
33.48 0.000830327
33.84 0.000868212
34.2 0.00091993
34.56 0.000969893
34.92 0.00102921
35.28 0.00108477
35.64 0.00113801
36 0.00119922
36.36 0.00126689
36.72 0.00133788
37.08 0.00140439
37.44 0.00147408
37.8 0.00156182
38.16 0.00163516
38.52 0.00170978
38.88 0.00179789
39.24 0.00189309
39.6 0.00199973
39.96 0.00209072
40.32 0.00218567
40.68 0.00229657
41.04 0.00242932
41.4 0.00252197
41.76 0.00262474
42.12 0.00277562
42.48 0.00287982
42.84 0.00300484
43.2 0.00313642
43.56 0.00326279
43.92 0.00341951
44.28 0.00356857
44.64 0.00369752
45 0.00381991
45.36 0.00399531
45.72 0.0041662
46.08 0.00430206
46.44 0.00448057
46.8 0.00463191
47.16 0.00478433
47.52 0.00495455
47.88 0.00511694
48.24 0.00530722
48.6 0.00551774
48.96 0.0056938
49.32 0.0058618
49.68 0.00601668
50.04 0.00622282
50.4 0.00638223
50.76 0.00655188
51.12 0.00673237
51.48 0.0069283
51.84 0.00712801
52.2 0.00728106
52.56 0.00742331
52.92 0.0075846
53.28 0.00773866
53.64 0.00790914
54 0.00808265
54.36 0.00822484
54.72 0.00837876
55.08 0.00851273
55.44 0.00868655
55.8 0.0088046
56.16 0.00891608
56.52 0.00905185
56.88 0.00913933
57.24 0.00924786
57.6 0.00931591
57.96 0.00944158
58.32 0.00950933
58.68 0.00954345
59.04 0.00961993
59.4 0.00968948
59.76 0.00968958
60.12 0.00975235
60.48 0.00977853
60.84 0.00985796
61.2 0.00985451
61.56 0.00985503
61.92 0.00984987
62.28 0.00983329
62.64 0.00983833
63 0.00981334
63.36 0.00974596
63.72 0.009701
64.08 0.00962971
64.44 0.00956903
64.8 0.00948905
65.16 0.00941433
65.52 0.00933857
65.88 0.00923467
66.24 0.00913271
66.6 0.00903966
66.96 0.00889217
67.32 0.00882752
67.68 0.00868627
68.04 0.00855534
68.4 0.00840955
68.76 0.00826582
69.12 0.00814299
69.48 0.00799685
69.84 0.00781696
70.2 0.00767085
70.56 0.00753213
70.92 0.00735134
71.28 0.00718861
71.64 0.00700471
72 0.00684266
72.36 0.00665801
72.72 0.00649646
73.08 0.00630841
73.44 0.0061425
73.8 0.00594975
74.16 0.00576394
74.52 0.00565008
74.88 0.00544871
75.24 0.00530885
75.6 0.00513314
75.96 0.00494762
76.32 0.00479257
76.68 0.00463448
77.04 0.00447284
77.4 0.00433232
77.76 0.0041997
78.12 0.00402967
78.48 0.00388705
78.84 0.00375191
79.2 0.00361007
79.56 0.00345639
79.92 0.00333902
80.28 0.0032239
80.64 0.00310905
81 0.00295257
81.36 0.00282972
81.72 0.00273145
82.08 0.00261951
82.44 0.00251627
82.8 0.00242949
83.16 0.00230957
83.52 0.00223579
83.88 0.0021529
84.24 0.00205605
84.6 0.00195077
84.96 0.00186104
85.32 0.00178079
85.68 0.00170954
86.04 0.00164307
86.4 0.0015596
86.76 0.00150141
87.12 0.0014318
87.48 0.00136001
87.84 0.00129631
88.2 0.0012438
88.56 0.0011893
88.92 0.00113789
89.28 0.00108847
89.64 0.00103611
90 0.000977001
90.36 0.000944608
90.72 0.00089381
91.08 0.00086411
91.44 0.000809698
91.8 0.000770962
92.16 0.000735753
92.52 0.000708
92.88 0.000671835
93.24 0.000639806
93.6 0.000614138
93.96 0.000588227
94.32 0.000567355
94.68 0.000541288
95.04 0.000509972
95.4 0.000478499
95.76 0.000466039
96.12 0.000450902
96.48 0.000432933
96.84 0.000417501
97.2 0.000403859
97.56 0.000383474
97.92 0.000366008
98.28 0.000350733
98.64 0.000332607
99 0.000326507
99.36 0.000306226
99.72 0.000298371
100.08 0.00028923
100.44 0.000282001
100.8 0.000275484
101.16 0.000256437
101.52 0.000245871
101.88 0.000237825
102.24 0.000227988
102.6 0.00022095
102.96 0.000215563
103.32 0.000206509
103.68 0.000195352
104.04 0.000189669
104.4 0.000188192
104.76 0.000179051
105.12 0.000174063
105.48 0.00017229
105.84 0.000173159
106.2 0.000163636
106.56 0.000160125
106.92 0.000151141
107.28 0.000152983
107.64 0.000144641
108 0.000137585
108.36 0.000135952
108.72 0.000137029
109.08 0.000132024
109.44 0.000128531
109.8 0.000122032
110.16 0.000123544
110.52 0.000121545
110.88 0.000119112
111.24 0.000120589
111.6 0.000116888
111.96 0.000119668
112.32 0.000116523
112.68 0.000118191
113.04 0.000116766
113.4 0.000115237
113.76 0.000114907
114.12 0.000114489
114.48 0.000113273
114.84 0.000111083
115.2 0.000103054
115.56 0.000104462
115.92 0.000103993
116.28 0.000102794
116.64 0.000104844
117 0.000107364
117.36 0.000112091
117.72 0.000111344
118.08 0.000105435
118.44 0.000102968
118.8 0.000103037
119.16 0.000108372
119.52 0.000101595
119.88 0.000108963
120.24 0.000107712
120.6 0.000107955
120.96 0.000109745
121.32 0.000109554
121.68 0.000115341
122.04 0.000118973
122.4 0.000123804
122.76 0.000128914
123.12 0.000124673
123.48 0.00012655
123.84 0.000129835
124.2 0.000131729
124.56 0.000130808
124.92 0.00013696
125.28 0.000141304
125.64 0.000147404
126 0.000149716
126.36 0.000148795
126.72 0.000156215
127.08 0.000162037
127.44 0.00016513
127.8 0.000174237
128.16 0.000184073
128.52 0.000185272
128.88 0.000197037
129.24 0.000202668
129.6 0.000206144
129.96 0.00021134
130.32 0.000219334
130.68 0.000218448
131.04 0.000225625
131.4 0.000229587
131.76 0.000237651
132.12 0.000247452
132.48 0.000253239
132.84 0.00026742
133.2 0.000272651
133.56 0.000281027
133.92 0.000290308
134.28 0.000309511
134.64 0.000315559
135 0.000322649
135.36 0.000345154
135.72 0.000358171
136.08 0.000368928
136.44 0.000389191
136.8 0.000403928
137.16 0.000421098
137.52 0.000441014
137.88 0.000464562
138.24 0.000491272
138.6 0.000508373
138.96 0.000525421
139.32 0.000537986
139.68 0.000554878
140.04 0.0005782
140.4 0.000599123
140.76 0.000622219
141.12 0.000657393
141.48 0.000680542
141.84 0.000697416
142.2 0.00073372
142.56 0.000784274
142.92 0.000810202
143.28 0.000832082
143.64 0.000877075
144 0.000907678
144.36 0.00095175
144.72 0.000985847
145.08 0.00104499
145.44 0.00108654
145.8 0.00114156
146.16 0.0012023
146.52 0.00124767
146.88 0.00131635
147.24 0.0013668
147.6 0.00140373
147.96 0.00146923
148.32 0.00153834
148.68 0.0015918
149.04 0.00167049
149.4 0.00174324
149.76 0.00181694
150.12 0.00190072
150.48 0.00198367
150.84 0.00207416
151.2 0.00216089
151.56 0.00225535
151.92 0.00234936
152.28 0.00243926
152.64 0.00253178
153 0.00265926
153.36 0.00273073
153.72 0.00287369
154.08 0.00299266
154.44 0.00311589
154.8 0.00321823
155.16 0.00336915
155.52 0.00350441
155.88 0.00360758
156.24 0.00374925
156.6 0.00389233
156.96 0.00403999
157.32 0.00419357
157.68 0.00434311
158.04 0.00450184
158.4 0.00466588
158.76 0.00481464
159.12 0.00497341
159.48 0.005125
159.84 0.00534142
160.2 0.00551591
160.56 0.00567614
160.92 0.00583559
161.28 0.00598018
161.64 0.00616434
162 0.00635736
162.36 0.00654286
162.72 0.00674337
163.08 0.00690395
163.44 0.00708191
163.8 0.00730903
164.16 0.00751156
164.52 0.00769542
164.88 0.00786554
165.24 0.00803765
165.6 0.00822515
165.96 0.0084228
166.32 0.00860155
166.68 0.00880922
167.04 0.00899062
167.4 0.00916001
167.76 0.00934784
168.12 0.00952468
168.48 0.00971657
168.84 0.009847
169.2 0.00997878
169.56 0.0101615
169.92 0.0102999
170.28 0.0104672
170.64 0.010555
171 0.0106966
171.36 0.0108318
171.72 0.0110223
172.08 0.0111302
172.44 0.0112269
172.8 0.0113839
173.16 0.0114887
173.52 0.0115944
173.88 0.0116845
174.24 0.0118159
174.6 0.0118656
174.96 0.0119543
175.32 0.0119784
175.68 0.0120243
176.04 0.0121042
176.4 0.0121669
176.76 0.012225
177.12 0.012195
177.48 0.0121851
177.84 0.0122051
178.2 0.01224
178.56 0.0121893
178.92 0.0121815
179.28 0.0122058
179.64 0.0121825
180 0.0121593
180.36 0.012134
180.72 0.0120793
181.08 0.0120632
181.44 0.011992
181.8 0.0119842
182.16 0.0119052
182.52 0.0118625
182.88 0.0117852
183.24 0.0116286
183.6 0.0115812
183.96 0.0114249
184.32 0.0113437
184.68 0.0112747
185.04 0.0110958
185.4 0.0109719
185.76 0.0108052
186.12 0.0106732
186.48 0.0105654
186.84 0.0104475
187.2 0.0103215
187.56 0.0101499
187.92 0.00991594
188.28 0.00979658
188.64 0.00964683
189 0.00950164
189.36 0.0093563
189.72 0.00918974
190.08 0.00900485
190.44 0.00884042
190.8 0.00867701
191.16 0.0085186
191.52 0.00833898
191.88 0.00814179
192.24 0.00793239
192.6 0.00782268
192.96 0.00760924
193.32 0.00746333
193.68 0.00728855
194.04 0.00705789
194.4 0.00689305
194.76 0.00673606
195.12 0.00659124
195.48 0.00641365
195.84 0.00622167
196.2 0.00606556
196.56 0.00589384
196.92 0.00573321
197.28 0.00558623
197.64 0.00542381
198 0.00526278
198.36 0.00509395
198.72 0.00492776
199.08 0.00475182
199.44 0.0046091
199.8 0.00445536
200.16 0.00431145
200.52 0.00417635
200.88 0.00403044
201.24 0.00389916
201.6 0.00376785
201.96 0.00362439
202.32 0.00350905
202.68 0.00337912
203.04 0.00326976
203.4 0.00314083
203.76 0.00304617
204.12 0.00291905
204.48 0.00280303
204.84 0.00269924
205.2 0.00259497
205.56 0.00248782
205.92 0.00239861
206.28 0.00233103
206.64 0.00223539
207 0.00215191
207.36 0.00205143
207.72 0.00197625
208.08 0.00189465
208.44 0.00181451
208.8 0.001739
209.16 0.00167927
209.52 0.00159456
209.88 0.00153231
210.24 0.00146379
210.6 0.00139897
210.96 0.00135326
211.32 0.00129628
211.68 0.00125003
212.04 0.00119088
212.4 0.00113657
212.76 0.00109166
213.12 0.00105032
213.48 0.000999923
213.84 0.000957641
214.2 0.000915394
214.56 0.000869168
214.92 0.000828606
215.28 0.000786064
215.64 0.000769241
216 0.00072981
216.36 0.000705549
216.72 0.000664797
217.08 0.00065185
217.44 0.000619908
217.8 0.000599141
218.16 0.000574011
218.52 0.00053491
218.88 0.00050806
219.24 0.000494626
219.6 0.000480602
219.96 0.000456933
220.32 0.000442057
220.68 0.000419134
221.04 0.000397237
221.4 0.00038071
221.76 0.000370527
222.12 0.000357354
222.48 0.00033643
222.84 0.00031495
223.2 0.0003064
223.56 0.000298788
223.92 0.000291663
224.28 0.000281827
224.64 0.000270201
225 0.000254091
225.36 0.000254908
225.72 0.000245297
226.08 0.000238867
226.44 0.000225086
226.8 0.000206422
227.16 0.000200652
227.52 0.000193579
227.88 0.000189182
228.24 0.00018303
228.6 0.000186002
228.96 0.000176791
229.32 0.000167459
229.68 0.000164296
230.04 0.000163514
230.4 0.000155451
230.76 0.000150741
231.12 0.000145875
231.48 0.000139758
231.84 0.000135431
232.2 0.000132876
232.56 0.000130999
232.92 0.000124899
233.28 0.000122258
233.64 0.000120815
234 0.000118017
234.36 0.00011435
234.72 0.000111831
235.08 0.000110684
235.44 0.000113586
235.8 0.000106947
236.16 0.000104601
236.52 0.000100083
236.88 0.000103315
237.24 9.68329e-05
237.6 9.75454e-05
237.96 9.12371e-05
238.32 8.90821e-05
238.68 8.4668e-05
239.04 8.54326e-05
239.4 8.97773e-05
239.76 8.94644e-05
240.12 8.89431e-05
240.48 8.75528e-05
240.84 8.64753e-05
241.2 8.25478e-05
241.56 8.16267e-05
241.92 8.51546e-05
242.28 8.89605e-05
242.64 9.06462e-05
243 9.10111e-05
243.36 9.00901e-05
243.72 9.21581e-05
244.08 9.18627e-05
244.44 9.11675e-05
244.8 9.43826e-05
245.16 9.60161e-05
245.52 9.21581e-05
245.88 8.92038e-05
246.24 9.63637e-05
246.6 9.51298e-05
246.96 9.63463e-05
247.32 9.66591e-05
247.68 9.65896e-05
248.04 0.000103193
248.4 0.000103176
248.76 9.91616e-05
249.12 0.000101004
249.48 0.000102776
249.84 0.000103611
250.2 0.000107712
250.56 0.000111274
250.92 0.000110753
251.28 0.000112508
251.64 0.000114177
252 0.000115185
252.36 0.000122119
252.72 0.00012403
253.08 0.00013093
253.44 0.000132337
253.8 0.000136838
254.16 0.000140853
254.52 0.000141148
254.88 0.000137968
255.24 0.00014518
255.6 0.000147717
255.96 0.000156163
256.32 0.000162298
256.68 0.000173611
257.04 0.000176027
257.4 0.000177921
257.76 0.000182405
258.12 0.000185602
258.48 0.00019636
258.84 0.000201782
259.2 0.000212661
259.56 0.000211027
259.92 0.000225104
260.28 0.000236956
260.64 0.000247383
261 0.000256385
261.36 0.000266117
261.72 0.000269888
262.08 0.000280298
262.44 0.000290759
262.8 0.000307982
263.16 0.000323692
263.52 0.000332485
263.88 0.000354817
264.24 0.000357024
264.6 0.000377495
264.96 0.000403372
265.32 0.000420803
265.68 0.000442091
266.04 0.000468924
266.4 0.00049129
266.76 0.000519304
267.12 0.000544103
267.48 0.000559552
267.84 0.000583778
268.2 0.000626338
268.56 0.000640936
268.92 0.000672964
269.28 0.000694236
269.64 0.000734467
270 0.000759857
270.36 0.000795622
270.72 0.000831178
271.08 0.000865136
271.44 0.000897686
271.8 0.000947162
272.16 0.000982058
272.52 0.00103809
272.88 0.00107995
273.24 0.00113
273.6 0.00118803
273.96 0.00125904
274.32 0.00131006
274.68 0.00136922
275.04 0.00141091
275.4 0.00147314
275.76 0.00154649
276.12 0.00160275
276.48 0.00170488
276.84 0.00177146
277.2 0.00183539
277.56 0.00192154
277.92 0.00198537
278.28 0.00205951
278.64 0.00214961
279 0.00223548
279.36 0.00231417
279.72 0.00242254
280.08 0.00249819
280.44 0.00260519
280.8 0.00271584
281.16 0.00280482
281.52 0.0029231
281.88 0.00300797
282.24 0.00312257
282.6 0.00321964
282.96 0.00333415
283.32 0.00344735
283.68 0.00356914
284.04 0.00367824
284.4 0.00381506
284.76 0.00392632
285.12 0.00402507
285.48 0.00416093
285.84 0.0042561
286.2 0.00438108
286.56 0.00452725
286.92 0.00466791
287.28 0.00478504
287.64 0.00492812
288 0.0050228
288.36 0.00514127
288.72 0.00524431
289.08 0.00539694
289.44 0.00547996
289.8 0.00559996
290.16 0.00569493
290.52 0.00584134
290.88 0.00593373
291.24 0.00601362
291.6 0.00615148
291.96 0.00625799
292.32 0.00633489
292.68 0.00640274
293.04 0.00647608
293.4 0.00655268
293.76 0.00666687
294.12 0.00671859
294.48 0.00678138
294.84 0.00688595
295.2 0.00691699
295.56 0.00696168
295.92 0.00699684
296.28 0.00701608
296.64 0.00709277
297 0.00713957
297.36 0.00713084
297.72 0.00713263
298.08 0.00712746
298.44 0.0071285
298.8 0.00714876
299.16 0.0071216
299.52 0.00709232
299.88 0.00706319
300.24 0.00700051
300.6 0.00697367
300.96 0.00691499
301.32 0.00690086
301.68 0.00682729
302.04 0.00676661
302.4 0.00670384
302.76 0.00665382
303.12 0.00655371
303.48 0.00645553
303.84 0.0063716
304.2 0.00624536
304.56 0.00614157
304.92 0.00602423
305.28 0.00590424
305.64 0.00576938
306 0.00569879
306.36 0.00557305
306.72 0.00545825
307.08 0.00532027
307.44 0.00521257
307.8 0.00510752
308.16 0.00497306
308.52 0.00485093
308.88 0.00471143
309.24 0.00458773
309.6 0.00445901
309.96 0.00435613
310.32 0.0042045
310.68 0.00410219
311.04 0.00397371
311.4 0.00385045
311.76 0.00372233
312.12 0.00358935
312.48 0.00348126
312.84 0.00333078
313.2 0.00323182
313.56 0.00313058
313.92 0.00302509
314.28 0.00290268
314.64 0.0027734
315 0.00266341
315.36 0.00255478
315.72 0.00245867
316.08 0.0023632
316.44 0.00227245
316.8 0.00218256
317.16 0.00207902
317.52 0.00199488
317.88 0.00191485
318.24 0.0018275
318.6 0.00177168
318.96 0.00168184
319.32 0.00160193
319.68 0.00153226
320.04 0.0014628
320.4 0.00138321
320.76 0.00131951
321.12 0.00125174
321.48 0.00119776
321.84 0.00115192
322.2 0.00109199
322.56 0.00103157
322.92 0.00097827
323.28 0.000909538
323.64 0.000884078
324 0.000835366
324.36 0.000800384
324.72 0.000753757
325.08 0.000716376
325.44 0.000681132
325.8 0.000645559
326.16 0.000609429
326.52 0.000570692
326.88 0.000546727
327.24 0.000513482
327.6 0.000484321
327.96 0.000456637
328.32 0.000437399
328.68 0.000417188
329.04 0.000381249
329.4 0.000357215
329.76 0.000346266
330.12 0.000330052
330.48 0.000305479
330.84 0.000294148
331.2 0.000276787
331.56 0.000256524
331.92 0.000240553
332.28 0.000230995
332.64 0.000221697
333 0.000205049
333.36 0.000191719
333.72 0.000180458
334.08 0.000169927
334.44 0.00016023
334.8 0.000150984
335.16 0.000143772
335.52 0.000140314
335.88 0.000129331
336.24 0.000122918
336.6 0.00011508
336.96 0.000111344
337.32 0.000104445
337.68 9.85882e-05
338.04 9.36527e-05
338.4 8.8022e-05
338.76 8.49287e-05
339.12 8.25478e-05
339.48 7.92459e-05
339.84 7.55617e-05
340.2 7.45016e-05
340.56 7.10606e-05
340.92 6.45611e-05
341.28 6.41092e-05
341.64 5.98689e-05
342 6.1207e-05
342.36 5.49682e-05
342.72 5.03629e-05
343.08 5.03802e-05
343.44 4.55838e-05
343.8 4.362e-05
344.16 4.25425e-05
344.52 4.21081e-05
344.88 3.95361e-05
345.24 3.77461e-05
345.6 3.58518e-05
345.96 3.59908e-05
346.32 3.23761e-05
346.68 3.10727e-05
347.04 3.09337e-05
347.4 3.05861e-05
347.76 2.75623e-05
348.12 2.61894e-05
348.48 2.57549e-05
348.84 2.40344e-05
349.2 2.35652e-05
349.56 2.14451e-05
349.92 2.14451e-05
350.28 2.07152e-05
350.64 2.26442e-05
351 2.06109e-05
351.36 2.02633e-05
351.72 2.05066e-05
352.08 1.99505e-05
352.44 1.93423e-05
352.8 1.80041e-05
353.16 1.71526e-05
353.52 1.91163e-05
353.88 1.73611e-05
354.24 1.70483e-05
354.6 1.68224e-05
354.96 1.74306e-05
355.32 1.6944e-05
355.68 1.78129e-05
356.04 1.59013e-05
356.4 1.57623e-05
356.76 1.47891e-05
357.12 1.48412e-05
357.48 1.6162e-05
357.84 1.62489e-05
358.2 1.56233e-05
358.56 1.55885e-05
358.92 1.54321e-05
359.28 1.63184e-05
359.64 1.68745e-05
