0 0.012000 0.000000
1 0.036000 0.000000
2 0.060000 0.000000
3 0.084000 0.000000
4 0.108000 0.000000
5 0.132000 0.000000
6 0.156000 0.000000
7 0.180000 0.000000
8 0.204000 0.000000
9 0.228000 0.000000
10 0.252000 0.000000
11 0.276000 0.000000
12 0.300000 0.000000
13 0.324000 0.000000
14 0.348000 0.000000
15 0.372000 0.000000
16 0.396000 0.000000
17 0.420000 0.000000
18 0.444000 0.000000
19 0.468000 0.000000
20 0.492000 0.000000
21 0.516000 0.000000
22 0.540000 0.000000
23 0.564000 0.000000
24 0.588000 0.000000
25 0.612000 0.000000
26 0.636000 0.000000
27 0.660000 0.000000
28 0.684000 0.000000
29 0.708000 0.000000
30 0.732000 0.000000
31 0.756000 0.000000
32 0.780000 0.000000
33 0.804000 0.000000
34 0.828000 0.000000
35 0.852000 0.000000
36 0.876000 0.000000
37 0.900000 0.000000
38 0.924000 0.000000
39 0.948000 0.000000
40 0.972000 0.000000
41 0.996000 0.000000
42 1.020000 0.000000
43 1.044000 0.000000
44 1.068000 0.000000
45 1.092000 0.000000
46 1.116000 0.000000
47 1.140000 0.000000
48 1.164000 0.000000
49 1.188000 0.000000
50 1.212000 0.000000
51 1.236000 0.000000
52 1.260000 0.000000
53 1.284000 0.000000
54 1.308000 0.000000
55 1.332000 0.000000
56 1.356000 0.000000
57 1.380000 0.000000
58 1.404000 0.000017
59 1.428000 0.000176
60 1.452000 0.000877
61 1.476000 0.003073
62 1.500000 0.011232
63 1.524000 0.031839
64 1.548000 0.066627
65 1.572000 0.134244
66 1.596000 0.241790
67 1.620000 0.381361
68 1.644000 0.546899
69 1.668000 0.717932
70 1.692000 0.897638
71 1.716000 1.053297
72 1.740000 1.174456
73 1.764000 1.264430
74 1.788000 1.308571
75 1.812000 1.317872
76 1.836000 1.292121
77 1.860000 1.252326
78 1.884000 1.189280
79 1.908000 1.108385
80 1.932000 1.029381
81 1.956000 0.945992
82 1.980000 0.861630
83 2.004000 0.783879
84 2.028000 0.715470
85 2.052000 0.645668
86 2.076000 0.583636
87 2.100000 0.535839
88 2.124000 0.489018
89 2.148000 0.444406
90 2.172000 0.404642
91 2.196000 0.374819
92 2.220000 0.350714
93 2.244000 0.325006
94 2.268000 0.304538
95 2.292000 0.291321
96 2.316000 0.277506
97 2.340000 0.263986
98 2.364000 0.255291
99 2.388000 0.251415
100 2.412000 0.248159
101 2.436000 0.246995
102 2.460000 0.249083
103 2.484000 0.249828
104 2.508000 0.256351
105 2.532000 0.263649
106 2.556000 0.273325
107 2.580000 0.287815
108 2.604000 0.304221
109 2.628000 0.324148
110 2.652000 0.346767
111 2.676000 0.376040
112 2.700000 0.408459
113 2.724000 0.444556
114 2.748000 0.489523
115 2.772000 0.539988
116 2.796000 0.597892
117 2.820000 0.661707
118 2.844000 0.728885
119 2.868000 0.799773
120 2.892000 0.875617
121 2.916000 0.954788
122 2.940000 1.035000
123 2.964000 1.115894
124 2.988000 1.192287
125 3.012000 1.262867
126 3.036000 1.326006
127 3.060000 1.387590
128 3.084000 1.439510
129 3.108000 1.478460
130 3.132000 1.509935
131 3.156000 1.530891
132 3.180000 1.540556
133 3.204000 1.542373
134 3.228000 1.535798
135 3.252000 1.521716
136 3.276000 1.504676
137 3.300000 1.484399
138 3.324000 1.453460
139 3.348000 1.419703
140 3.372000 1.390657
141 3.396000 1.357029
142 3.420000 1.328460
143 3.444000 1.295783
144 3.468000 1.265541
145 3.492000 1.234679
146 3.516000 1.211222
147 3.540000 1.182417
148 3.564000 1.159149
149 3.588000 1.141005
150 3.612000 1.122092
151 3.636000 1.104260
152 3.660000 1.090233
153 3.684000 1.081938
154 3.708000 1.071453
155 3.732000 1.057238
156 3.756000 1.046064
157 3.780000 1.042529
158 3.804000 1.035198
159 3.828000 1.029445
160 3.852000 1.025940
161 3.876000 1.022351
162 3.900000 1.016580
163 3.924000 1.017607
164 3.948000 1.014488
165 3.972000 1.012535
166 3.996000 1.010794
167 4.020000 1.008067
168 4.044000 1.006671
169 4.068000 1.004313
170 4.092000 1.002759
171 4.116000 0.999896
172 4.140000 0.995850
173 4.164000 0.992141
174 4.188000 0.992119
175 4.212000 0.988834
176 4.236000 0.987161
177 4.260000 0.983707
178 4.284000 0.983262
179 4.308000 0.982100
180 4.332000 0.978698
181 4.356000 0.976700
182 4.380000 0.978836
183 4.404000 0.977798
184 4.428000 0.975017
185 4.452000 0.975221
186 4.476000 0.975137
187 4.500000 0.974153
188 4.524000 0.973363
189 4.548000 0.974383
190 4.572000 0.977017
191 4.596000 0.977822
192 4.620000 0.977040
193 4.644000 0.978451
194 4.668000 0.976814
195 4.692000 0.978546
196 4.716000 0.977268
197 4.740000 0.979289
198 4.764000 0.979435
199 4.788000 0.978294
200 4.812000 0.979077
201 4.836000 0.980211
202 4.860000 0.981669
203 4.884000 0.984173
204 4.908000 0.985285
205 4.932000 0.986454
206 4.956000 0.988461
207 4.980000 0.990203
208 5.004000 0.992797
209 5.028000 0.994129
210 5.052000 0.995294
211 5.076000 1.000520
212 5.100000 0.999514
213 5.124000 1.000184
214 5.148000 1.001044
215 5.172000 1.000413
216 5.196000 1.002639
217 5.220000 1.002064
218 5.244000 1.001573
219 5.268000 1.002486
220 5.292000 1.003342
221 5.316000 1.003612
222 5.340000 1.001472
223 5.364000 1.001461
224 5.388000 1.000512
225 5.412000 0.999138
226 5.436000 0.997639
227 5.460000 0.995728
228 5.484000 0.994344
229 5.508000 0.994763
230 5.532000 0.991276
231 5.556000 0.990961
232 5.580000 0.988110
233 5.604000 0.987280
234 5.628000 0.986329
235 5.652000 0.985896
236 5.676000 0.984947
237 5.700000 0.983351
238 5.724000 0.982135
239 5.748000 0.981291
240 5.772000 0.980182
241 5.796000 0.978415
242 5.820000 0.977499
243 5.844000 0.976539
244 5.868000 0.976073
245 5.892000 0.975407
246 5.916000 0.975916
247 5.940000 0.975041
248 5.964000 0.974621
249 5.988000 0.975465
250 6.012000 0.976633
251 6.036000 0.975546
252 6.060000 0.975517
253 6.084000 0.975804
254 6.108000 0.976104
255 6.132000 0.974398
256 6.156000 0.975302
257 6.180000 0.977094
258 6.204000 0.975947
259 6.228000 0.978350
260 6.252000 0.978060
261 6.276000 0.978695
262 6.300000 0.978195
263 6.324000 0.979455
264 6.348000 0.979821
265 6.372000 0.980570
266 6.396000 0.983749
267 6.420000 0.984044
268 6.444000 0.986792
269 6.468000 0.988905
270 6.492000 0.987992
271 6.516000 0.990468
272 6.540000 0.990121
273 6.564000 0.993833
274 6.588000 0.995463
275 6.612000 0.996372
276 6.636000 0.997266
277 6.660000 0.998346
278 6.684000 0.998845
279 6.708000 1.001557
280 6.732000 1.003174
281 6.756000 1.005842
282 6.780000 1.006747
283 6.804000 1.007105
284 6.828000 1.008376
285 6.852000 1.009017
286 6.876000 1.010879
287 6.900000 1.012762
288 6.924000 1.014838
289 6.948000 1.014191
290 6.972000 1.015378
291 6.996000 1.016983
292 7.020000 1.018322
293 7.044000 1.018644
294 7.068000 1.019926
295 7.092000 1.019493
296 7.116000 1.019142
297 7.140000 1.021022
298 7.164000 1.021804
299 7.188000 1.022440
300 7.212000 1.022609
301 7.236000 1.021881
302 7.260000 1.022349
303 7.284000 1.022344
304 7.308000 1.020704
305 7.332000 1.021464
306 7.356000 1.021826
307 7.380000 1.022025
308 7.404000 1.020381
309 7.428000 1.018682
310 7.452000 1.017851
311 7.476000 1.017953
312 7.500000 1.017342
313 7.524000 1.016555
314 7.548000 1.017125
315 7.572000 1.014945
316 7.596000 1.012853
317 7.620000 1.012318
318 7.644000 1.011474
319 7.668000 1.010780
320 7.692000 1.007702
321 7.716000 1.006406
322 7.740000 1.006130
323 7.764000 1.005504
324 7.788000 1.004464
325 7.812000 1.002964
326 7.836000 1.001995
327 7.860000 1.002520
328 7.884000 1.002047
329 7.908000 1.000223
330 7.932000 0.999222
331 7.956000 0.999537
332 7.980000 0.999215
333 8.004000 0.999057
334 8.028000 0.998140
335 8.052000 0.996776
336 8.076000 0.995349
337 8.100000 0.996341
338 8.124000 0.995723
339 8.148000 0.993753
340 8.172000 0.993748
341 8.196000 0.992923
342 8.220000 0.992261
343 8.244000 0.992684
344 8.268000 0.992719
345 8.292000 0.992318
346 8.316000 0.993589
347 8.340000 0.993045
348 8.364000 0.992507
349 8.388000 0.990522
350 8.412000 0.990266
351 8.436000 0.991380
352 8.460000 0.990973
353 8.484000 0.991888
354 8.508000 0.991016
355 8.532000 0.990418
356 8.556000 0.989802
357 8.580000 0.990084
358 8.604000 0.991023
359 8.628000 0.990133
360 8.652000 0.991259
361 8.676000 0.991300
362 8.700000 0.991574
363 8.724000 0.993149
364 8.748000 0.992458
365 8.772000 0.994384
366 8.796000 0.994052
367 8.820000 0.994955
368 8.844000 0.994466
369 8.868000 0.994654
370 8.892000 0.994879
371 8.916000 0.996523
372 8.940000 0.996988
373 8.964000 0.996355
374 8.988000 0.995478
375 9.012000 0.995827
376 9.036000 0.997385
377 9.060000 0.998215
378 9.084000 0.997835
379 9.108000 0.998923
380 9.132000 0.999441
381 9.156000 1.000707
382 9.180000 0.999806
383 9.204000 1.000327
384 9.228000 1.000348
385 9.252000 1.000704
386 9.276000 1.001595
387 9.300000 1.001859
388 9.324000 1.002437
389 9.348000 1.002742
390 9.372000 1.004050
391 9.396000 1.003216
392 9.420000 1.003301
393 9.444000 1.003261
394 9.468000 1.003620
395 9.492000 1.003404
396 9.516000 1.003075
397 9.540000 1.003521
398 9.564000 1.003508
399 9.588000 1.003140
400 9.612000 1.002794
401 9.636000 1.002668
402 9.660000 1.003002
403 9.684000 1.002386
404 9.708000 1.002076
405 9.732000 1.001990
406 9.756000 1.002702
407 9.780000 1.002254
408 9.804000 1.002508
409 9.828000 1.001421
410 9.852000 1.001077
411 9.876000 1.001164
412 9.900000 1.001582
413 9.924000 1.002574
414 9.948000 1.002869
415 9.972000 1.002541
416 9.996000 1.001852
417 10.020000 1.001054
418 10.044000 1.000660
419 10.068000 1.000062
420 10.092000 0.999327
421 10.116000 1.000778
422 10.140000 1.000876
423 10.164000 1.000578
424 10.188000 1.001357
425 10.212000 0.999989
426 10.236000 1.000284
427 10.260000 1.000656
428 10.284000 1.000036
429 10.308000 0.999127
430 10.332000 0.997910
431 10.356000 0.998121
432 10.380000 0.999231
433 10.404000 0.998876
434 10.428000 0.998657
435 10.452000 0.998396
436 10.476000 0.999651
437 10.500000 0.998560
438 10.524000 0.997888
439 10.548000 0.997888
440 10.572000 0.998322
441 10.596000 0.998163
442 10.620000 0.997458
443 10.644000 0.997779
444 10.668000 0.997591
445 10.692000 0.997235
446 10.716000 0.997081
447 10.740000 0.997091
448 10.764000 0.997379
449 10.788000 0.997388
450 10.812000 0.996533
451 10.836000 0.996753
452 10.860000 0.997709
453 10.884000 0.997423
454 10.908000 0.997543
455 10.932000 0.997486
456 10.956000 0.998307
457 10.980000 0.998410
458 11.004000 0.998139
459 11.028000 0.997468
460 11.052000 0.998123
461 11.076000 0.998691
462 11.100000 0.999266
463 11.124000 0.998034
464 11.148000 0.998979
465 11.172000 0.998516
466 11.196000 0.999049
467 11.220000 0.999673
468 11.244000 0.999898
469 11.268000 1.000287
470 11.292000 0.999819
471 11.316000 1.000002
472 11.340000 1.000821
473 11.364000 1.000085
474 11.388000 1.000059
475 11.412000 0.999305
476 11.436000 1.000475
477 11.460000 1.000876
478 11.484000 0.999912
479 11.508000 1.000005
480 11.532000 0.999997
481 11.556000 0.999845
482 11.580000 0.999992
483 11.604000 1.001192
484 11.628000 1.000985
485 11.652000 1.000313
486 11.676000 1.001037
487 11.700000 1.001778
488 11.724000 1.001513
489 11.748000 1.001809
490 11.772000 1.000086
491 11.796000 1.000158
492 11.820000 1.000572
493 11.844000 1.001595
494 11.868000 1.000923
495 11.892000 1.001280
496 11.916000 1.001654
497 11.940000 1.001271
498 11.964000 1.001586
499 11.988000 1.001304
