0 0.012000 0.000000
1 0.036000 0.000000
2 0.060000 0.000000
3 0.084000 0.000000
4 0.108000 0.000000
5 0.132000 0.000000
6 0.156000 0.000000
7 0.180000 0.000000
8 0.204000 0.000000
9 0.228000 0.000000
10 0.252000 0.000000
11 0.276000 0.000000
12 0.300000 0.000000
13 0.324000 0.000000
14 0.348000 0.000000
15 0.372000 0.000000
16 0.396000 0.000000
17 0.420000 0.000000
18 0.444000 0.000000
19 0.468000 0.000000
20 0.492000 0.000000
21 0.516000 0.000000
22 0.540000 0.000000
23 0.564000 0.000000
24 0.588000 0.000000
25 0.612000 0.000000
26 0.636000 0.000000
27 0.660000 0.000000
28 0.684000 0.000000
29 0.708000 0.000000
30 0.732000 0.000000
31 0.756000 0.000000
32 0.780000 0.000000
33 0.804000 0.000000
34 0.828000 0.000000
35 0.852000 0.000000
36 0.876000 0.000000
37 0.900000 0.000000
38 0.924000 0.000000
39 0.948000 0.000000
40 0.972000 0.000000
41 0.996000 0.000000
42 1.020000 0.000000
43 1.044000 0.000000
44 1.068000 0.000000
45 1.092000 0.000000
46 1.116000 0.000000
47 1.140000 0.000000
48 1.164000 0.000000
49 1.188000 0.000000
50 1.212000 0.000000
51 1.236000 0.000000
52 1.260000 0.000000
53 1.284000 0.000000
54 1.308000 0.000000
55 1.332000 0.000000
56 1.356000 0.000074
57 1.380000 0.000180
58 1.404000 0.000253
59 1.428000 0.000356
60 1.452000 0.000535
61 1.476000 0.001042
62 1.500000 0.001555
63 1.524000 0.002097
64 1.548000 0.002767
65 1.572000 0.003373
66 1.596000 0.005281
67 1.620000 0.007129
68 1.644000 0.009302
69 1.668000 0.012318
70 1.692000 0.016352
71 1.716000 0.021212
72 1.740000 0.027518
73 1.764000 0.034831
74 1.788000 0.045118
75 1.812000 0.056691
76 1.836000 0.070190
77 1.860000 0.088738
78 1.884000 0.109916
79 1.908000 0.136594
80 1.932000 0.170693
81 1.956000 0.208933
82 1.980000 0.257621
83 2.004000 0.317771
84 2.028000 0.385101
85 2.052000 0.466480
86 2.076000 0.558720
87 2.100000 0.662670
88 2.124000 0.768371
89 2.148000 0.881987
90 2.172000 0.991602
91 2.196000 1.098456
92 2.220000 1.191862
93 2.244000 1.273211
94 2.268000 1.346833
95 2.292000 1.404445
96 2.316000 1.441669
97 2.340000 1.462088
98 2.364000 1.463395
99 2.388000 1.454692
100 2.412000 1.434328
101 2.436000 1.399266
102 2.460000 1.360354
103 2.484000 1.314942
104 2.508000 1.267972
105 2.532000 1.215797
106 2.556000 1.165542
107 2.580000 1.115135
108 2.604000 1.064763
109 2.628000 1.020538
110 2.652000 0.979146
111 2.676000 0.945391
112 2.700000 0.913204
113 2.724000 0.888607
114 2.748000 0.859589
115 2.772000 0.837549
116 2.796000 0.817778
117 2.820000 0.805647
118 2.844000 0.792825
119 2.868000 0.786612
120 2.892000 0.780941
121 2.916000 0.773821
122 2.940000 0.773089
123 2.964000 0.776492
124 2.988000 0.782800
125 3.012000 0.784283
126 3.036000 0.792524
127 3.060000 0.803702
128 3.084000 0.812902
129 3.108000 0.823895
130 3.132000 0.834329
131 3.156000 0.848121
132 3.180000 0.863181
133 3.204000 0.878476
134 3.228000 0.892188
135 3.252000 0.907042
136 3.276000 0.923725
137 3.300000 0.942134
138 3.324000 0.959016
139 3.348000 0.976074
140 3.372000 0.988806
141 3.396000 1.005041
142 3.420000 1.023521
143 3.444000 1.040375
144 3.468000 1.057990
145 3.492000 1.072868
146 3.516000 1.091742
147 3.540000 1.109526
148 3.564000 1.123630
149 3.588000 1.136762
150 3.612000 1.142065
151 3.636000 1.147303
152 3.660000 1.149722
153 3.684000 1.152133
154 3.708000 1.150047
155 3.732000 1.146317
156 3.756000 1.140081
157 3.780000 1.133633
158 3.804000 1.124031
159 3.828000 1.112728
160 3.852000 1.104181
161 3.876000 1.092909
162 3.900000 1.080278
163 3.924000 1.070858
164 3.948000 1.059924
165 3.972000 1.048780
166 3.996000 1.042021
167 4.020000 1.033786
168 4.044000 1.030783
169 4.068000 1.026772
170 4.092000 1.020869
171 4.116000 1.016740
172 4.140000 1.014572
173 4.164000 1.015413
174 4.188000 1.014696
175 4.212000 1.015553
176 4.236000 1.016697
177 4.260000 1.019396
178 4.284000 1.021572
179 4.308000 1.022514
180 4.332000 1.020397
181 4.356000 1.022236
182 4.380000 1.024571
183 4.404000 1.024953
184 4.428000 1.026025
185 4.452000 1.028796
186 4.476000 1.030497
187 4.500000 1.031110
188 4.524000 1.033337
189 4.548000 1.036643
190 4.572000 1.034578
191 4.596000 1.033069
192 4.620000 1.033352
193 4.644000 1.032194
194 4.668000 1.028980
195 4.692000 1.028362
196 4.716000 1.027320
197 4.740000 1.027352
198 4.764000 1.025016
199 4.788000 1.021690
200 4.812000 1.019026
201 4.836000 1.015747
202 4.860000 1.013401
203 4.884000 1.011315
204 4.908000 1.008293
205 4.932000 1.004993
206 4.956000 1.001759
207 4.980000 0.999265
208 5.004000 0.996981
209 5.028000 0.994416
210 5.052000 0.993417
211 5.076000 0.991698
212 5.100000 0.988512
213 5.124000 0.984713
214 5.148000 0.984187
215 5.172000 0.982481
216 5.196000 0.983117
217 5.220000 0.981556
218 5.244000 0.978544
219 5.268000 0.977704
220 5.292000 0.976917
221 5.316000 0.975779
222 5.340000 0.972608
223 5.364000 0.973649
224 5.388000 0.972784
225 5.412000 0.973235
226 5.436000 0.973973
227 5.460000 0.972659
228 5.484000 0.971515
229 5.508000 0.973471
230 5.532000 0.972820
231 5.556000 0.973304
232 5.580000 0.973864
233 5.604000 0.974993
234 5.628000 0.977781
235 5.652000 0.976386
236 5.676000 0.977163
237 5.700000 0.977697
238 5.724000 0.977732
239 5.748000 0.978365
240 5.772000 0.979586
241 5.796000 0.981842
242 5.820000 0.981316
243 5.844000 0.982265
244 5.868000 0.984153
245 5.892000 0.984682
246 5.916000 0.985486
247 5.940000 0.985418
248 5.964000 0.986418
249 5.988000 0.986394
250 6.012000 0.986577
251 6.036000 0.986465
252 6.060000 0.986934
253 6.084000 0.986115
254 6.108000 0.987139
255 6.132000 0.986680
256 6.156000 0.986333
257 6.180000 0.985384
258 6.204000 0.986779
259 6.228000 0.989640
260 6.252000 0.989449
261 6.276000 0.988958
262 6.300000 0.988818
263 6.324000 0.988069
264 6.348000 0.989959
265 6.372000 0.991128
266 6.396000 0.991586
267 6.420000 0.992777
268 6.444000 0.993456
269 6.468000 0.995290
270 6.492000 0.995802
271 6.516000 0.995776
272 6.540000 0.996567
273 6.564000 0.997701
274 6.588000 0.998679
275 6.612000 0.999152
276 6.636000 0.999353
277 6.660000 0.999690
278 6.684000 1.000526
279 6.708000 1.002396
280 6.732000 1.002688
281 6.756000 1.004334
282 6.780000 1.004665
283 6.804000 1.004468
284 6.828000 1.005095
285 6.852000 1.005421
286 6.876000 1.007421
287 6.900000 1.007519
288 6.924000 1.007075
289 6.948000 1.007914
290 6.972000 1.006260
291 6.996000 1.008252
292 7.020000 1.008062
293 7.044000 1.007871
294 7.068000 1.008350
295 7.092000 1.009456
296 7.116000 1.010161
297 7.140000 1.010960
298 7.164000 1.011242
299 7.188000 1.009212
300 7.212000 1.009444
301 7.236000 1.008798
302 7.260000 1.010254
303 7.284000 1.010128
304 7.308000 1.011328
305 7.332000 1.010395
306 7.356000 1.010004
307 7.380000 1.008916
308 7.404000 1.009387
309 7.428000 1.010178
310 7.452000 1.010130
311 7.476000 1.009157
312 7.500000 1.008490
313 7.524000 1.009297
314 7.548000 1.008244
315 7.572000 1.008828
316 7.596000 1.008060
317 7.620000 1.007826
318 7.644000 1.006501
319 7.668000 1.007096
320 7.692000 1.008263
321 7.716000 1.007332
322 7.740000 1.007997
323 7.764000 1.007861
324 7.788000 1.006673
325 7.812000 1.005319
326 7.836000 1.006147
327 7.860000 1.006102
328 7.884000 1.003801
329 7.908000 1.004077
330 7.932000 1.003122
331 7.956000 1.003348
332 7.980000 1.003491
333 8.004000 1.002258
334 8.028000 1.002471
335 8.052000 1.002538
336 8.076000 1.002440
337 8.100000 1.001087
338 8.124000 1.000506
339 8.148000 1.001231
340 8.172000 1.000620
341 8.196000 0.999433
342 8.220000 1.000100
343 8.244000 0.999467
344 8.268000 0.998363
345 8.292000 0.998056
346 8.316000 0.997633
347 8.340000 0.996103
348 8.364000 0.996399
349 8.388000 0.995278
350 8.412000 0.995888
351 8.436000 0.995965
352 8.460000 0.996049
353 8.484000 0.995972
354 8.508000 0.994855
355 8.532000 0.994254
356 8.556000 0.994896
357 8.580000 0.995099
358 8.604000 0.994749
359 8.628000 0.994804
360 8.652000 0.996032
361 8.676000 0.996618
362 8.700000 0.996072
363 8.724000 0.995804
364 8.748000 0.996009
365 8.772000 0.995442
366 8.796000 0.994334
367 8.820000 0.995355
368 8.844000 0.995577
369 8.868000 0.996116
370 8.892000 0.995689
371 8.916000 0.995551
372 8.940000 0.995907
373 8.964000 0.995883
374 8.988000 0.996374
375 9.012000 0.996524
376 9.036000 0.996699
377 9.060000 0.998161
378 9.084000 0.998563
379 9.108000 0.997385
380 9.132000 0.997748
381 9.156000 0.997378
382 9.180000 0.998580
383 9.204000 0.997903
384 9.228000 0.998781
385 9.252000 0.998008
386 9.276000 0.997078
387 9.300000 0.997894
388 9.324000 0.998711
389 9.348000 0.998606
390 9.372000 0.999360
391 9.396000 1.000633
392 9.420000 1.000982
393 9.444000 1.000159
394 9.468000 1.000719
395 9.492000 1.001250
396 9.516000 1.000083
397 9.540000 1.002021
398 9.564000 1.002063
399 9.588000 1.001954
400 9.612000 1.000814
401 9.636000 1.000632
402 9.660000 1.000237
403 9.684000 1.001285
404 9.708000 1.001206
405 9.732000 1.001766
406 9.756000 1.001084
407 9.780000 1.001743
408 9.804000 1.001435
409 9.828000 1.000407
410 9.852000 1.000377
411 9.876000 1.001178
412 9.900000 1.000932
413 9.924000 1.000307
414 9.948000 1.001801
415 9.972000 1.002051
416 9.996000 1.000630
417 10.020000 1.001094
418 10.044000 1.000305
419 10.068000 0.999849
420 10.092000 1.000288
421 10.116000 1.000394
422 10.140000 1.000744
423 10.164000 1.000781
424 10.188000 1.000148
425 10.212000 0.999859
426 10.236000 1.000906
427 10.260000 0.999622
428 10.284000 0.999593
429 10.308000 0.999942
430 10.332000 0.999448
431 10.356000 0.998942
432 10.380000 0.998890
433 10.404000 0.998978
434 10.428000 0.999343
435 10.452000 0.998701
436 10.476000 0.998856
437 10.500000 0.998598
438 10.524000 0.999510
439 10.548000 0.998874
440 10.572000 0.999124
441 10.596000 0.999692
442 10.620000 0.999642
443 10.644000 0.999101
444 10.668000 0.998798
445 10.692000 0.998290
446 10.716000 0.997765
447 10.740000 0.996849
448 10.764000 0.997648
449 10.788000 0.997694
450 10.812000 0.997837
451 10.836000 0.997660
452 10.860000 0.997651
453 10.884000 0.998420
454 10.908000 0.998192
455 10.932000 0.998177
456 10.956000 0.998364
457 10.980000 0.998319
458 11.004000 0.999080
459 11.028000 0.998902
460 11.052000 0.999769
461 11.076000 1.000000
462 11.100000 0.999877
463 11.124000 1.000381
464 11.148000 0.999633
465 11.172000 0.999754
466 11.196000 1.000025
467 11.220000 1.000522
468 11.244000 0.999973
469 11.268000 1.000801
470 11.292000 1.000611
471 11.316000 0.999989
472 11.340000 1.000278
473 11.364000 0.999952
474 11.388000 1.000282
475 11.412000 1.000206
476 11.436000 0.999667
477 11.460000 0.999312
478 11.484000 0.999910
479 11.508000 1.000114
480 11.532000 1.000170
481 11.556000 1.000507
482 11.580000 1.000527
483 11.604000 1.000342
484 11.628000 1.000652
485 11.652000 1.000461
486 11.676000 1.001658
487 11.700000 1.000482
488 11.724000 1.000358
489 11.748000 1.000555
490 11.772000 1.000590
491 11.796000 1.000960
492 11.820000 1.001616
493 11.844000 1.001283
494 11.868000 1.000582
495 11.892000 1.000864
496 11.916000 1.000807
497 11.940000 1.000627
498 11.964000 1.000289
499 11.988000 1.000157
