# column 1: time [ps]
# column 2: msd xyz [A^2]
# column 3: msd x [A^2]
# column 4: msd y [A^2]
# column 5: msd z [A^2]
# column 6: number of samples [-]
0.0005 1.39976e-26 3.85521e-27 4.08701e-27 6.0554e-27 (count: 995000)
0.001 1.39995e-26 3.84642e-27 4.09255e-27 6.06053e-27 (count: 994999)
0.0015 1.39943e-26 3.84854e-27 4.08774e-27 6.05799e-27 (count: 994998)
0.002 1.40155e-26 3.85433e-27 4.09538e-27 6.06578e-27 (count: 994997)
0.0025 1.40084e-26 3.85473e-27 4.09315e-27 6.06055e-27 (count: 994996)
0.003 1.40047e-26 3.85361e-27 4.08693e-27 6.06415e-27 (count: 994995)
0.0035 1.40082e-26 3.85265e-27 4.10102e-27 6.05454e-27 (count: 994994)
0.004 1.40058e-26 3.85521e-27 4.09566e-27 6.0549e-27 (count: 994993)
0.0045 1.39972e-26 3.8494e-27 4.09313e-27 6.05466e-27 (count: 994992)
0.005 1.3989e-26 3.84615e-27 4.0892e-27 6.05364e-27 (count: 994991)
0.0055 1.40147e-26 3.85163e-27 4.09678e-27 6.06628e-27 (count: 994990)
0.006 1.40149e-26 3.85569e-27 4.09888e-27 6.06035e-27 (count: 994989)
0.0065 1.3997e-26 3.85837e-27 4.09555e-27 6.0431e-27 (count: 994988)
0.007 1.40111e-26 3.8583e-27 4.09356e-27 6.05922e-27 (count: 994987)
0.0075 1.40039e-26 3.8599e-27 4.09194e-27 6.0521e-27 (count: 994986)
0.008 1.40235e-26 3.85909e-27 4.09779e-27 6.06657e-27 (count: 994985)
0.0085 1.40142e-26 3.85324e-27 4.09899e-27 6.06196e-27 (count: 994984)
0.009 1.40226e-26 3.85704e-27 4.09643e-27 6.06916e-27 (count: 994983)
0.0095 1.40163e-26 3.85698e-27 4.09715e-27 6.0622e-27 (count: 994982)
0.01 1.40149e-26 3.85549e-27 4.10081e-27 6.05864e-27 (count: 994981)
0.0105 1.40126e-26 3.85657e-27 4.1012e-27 6.05481e-27 (count: 994980)
0.011 1.40161e-26 3.85754e-27 4.09807e-27 6.06052e-27 (count: 994979)
0.0115 1.4008e-26 3.85417e-27 4.09486e-27 6.059e-27 (count: 994978)
0.012 1.40266e-26 3.85977e-27 4.10168e-27 6.06512e-27 (count: 994977)
0.0125 1.39706e-26 3.88794e-27 4.12451e-27 5.95812e-27 (count: 39799)
0.025 1.41273e-26 3.92525e-27 4.13429e-27 6.06778e-27 (count: 39798)
0.0375 1.41076e-26 3.88721e-27 4.17433e-27 6.04606e-27 (count: 39797)
0.05 1.4034e-26 3.88587e-27 4.1636e-27 5.98455e-27 (count: 39796)
0.0625 1.40879e-26 3.92626e-27 4.17812e-27 5.98347e-27 (count: 39795)
0.075 1.41012e-26 3.89582e-27 4.17511e-27 6.03029e-27 (count: 39794)
0.0875 1.41487e-26 3.90365e-27 4.18335e-27 6.06167e-27 (count: 39793)
0.1 1.40831e-26 3.91818e-27 4.1622e-27 6.00275e-27 (count: 39792)
0.1125 1.4086e-26 3.89298e-27 4.16906e-27 6.02396e-27 (count: 39791)
0.125 1.41e-26 3.88745e-27 4.18637e-27 6.02622e-27 (count: 39790)
0.1375 1.40837e-26 3.89915e-27 4.1786e-27 6.00599e-27 (count: 39789)
0.15 1.4178e-26 3.92345e-27 4.18738e-27 6.06721e-27 (count: 39788)
0.1625 1.41239e-26 3.89545e-27 4.1979e-27 6.03053e-27 (count: 39787)
0.175 1.41084e-26 3.86512e-27 4.19518e-27 6.04812e-27 (count: 39786)
0.1875 1.41625e-26 3.91921e-27 4.15324e-27 6.09001e-27 (count: 39785)
0.2 1.41941e-26 3.90588e-27 4.22259e-27 6.06563e-27 (count: 39784)
0.2125 1.41072e-26 3.89281e-27 4.17949e-27 6.03489e-27 (count: 39783)
0.225 1.41655e-26 3.95708e-27 4.19498e-27 6.01344e-27 (count: 39782)
0.2375 1.4148e-26 3.91588e-27 4.161e-27 6.07115e-27 (count: 39781)
0.25 1.41386e-26 3.89323e-27 4.19578e-27 6.04964e-27 (count: 39780)
0.2625 1.41068e-26 3.88616e-27 4.21217e-27 6.0085e-27 (count: 39779)
0.275 1.40565e-26 3.92738e-27 4.17319e-27 5.95593e-27 (count: 39778)
0.2875 1.41783e-26 3.91079e-27 4.22077e-27 6.04673e-27 (count: 39777)
0.3 1.4123e-26 3.93756e-27 4.18398e-27 6.00144e-27 (count: 39776)
0.3125 1.40903e-26 3.76027e-27 4.0238e-27 6.30621e-27 (count: 1591)
0.625 1.37987e-26 3.6924e-27 4.07022e-27 6.03608e-27 (count: 1590)
0.9375 1.39395e-26 3.85707e-27 4.07181e-27 6.01059e-27 (count: 1589)
1.25 1.40524e-26 3.96205e-27 3.99298e-27 6.0974e-27 (count: 1588)
1.5625 1.37547e-26 3.74173e-27 4.08508e-27 5.92793e-27 (count: 1587)
1.875 1.41826e-26 4.01529e-27 4.19784e-27 5.96948e-27 (count: 1586)
2.1875 1.40017e-26 3.89258e-27 4.13134e-27 5.97782e-27 (count: 1585)
2.5 1.42126e-26 3.90483e-27 4.3004e-27 6.00737e-27 (count: 1584)
2.8125 1.42408e-26 3.96771e-27 4.05916e-27 6.21398e-27 (count: 1583)
3.125 1.44642e-26 3.92381e-27 4.29113e-27 6.24928e-27 (count: 1582)
3.4375 1.41827e-26 3.97698e-27 4.09797e-27 6.10772e-27 (count: 1581)
3.75 1.39439e-26 3.8568e-27 4.12347e-27 5.96368e-27 (count: 1580)
4.0625 1.4492e-26 4.03277e-27 4.30681e-27 6.15245e-27 (count: 1579)
4.375 1.43128e-26 3.95276e-27 4.23321e-27 6.12686e-27 (count: 1578)
4.6875 1.38466e-26 3.91363e-27 4.07591e-27 5.85701e-27 (count: 1577)
5 1.42191e-26 3.98796e-27 4.26679e-27 5.96439e-27 (count: 1576)
5.3125 1.42351e-26 4.10045e-27 4.14542e-27 5.98918e-27 (count: 1575)
5.625 1.4159e-26 3.94277e-27 3.94901e-27 6.26725e-27 (count: 1574)
5.9375 1.39623e-26 4.09219e-27 3.98077e-27 5.88932e-27 (count: 1573)
6.25 1.38205e-26 3.97936e-27 4.00929e-27 5.8319e-27 (count: 1572)
6.5625 1.40551e-26 3.97367e-27 4.12241e-27 5.95902e-27 (count: 1571)
6.875 1.40782e-26 3.87642e-27 4.21856e-27 5.98323e-27 (count: 1570)
7.1875 1.39399e-26 3.80278e-27 3.95171e-27 6.1854e-27 (count: 1569)
7.5 1.41512e-26 3.92489e-27 4.12403e-27 6.1023e-27 (count: 1568)
7.8125 1.15655e-26 3.0102e-27 3.52719e-27 5.02812e-27 (count: 62)
15.625 1.06872e-26 3.68672e-27 3.41551e-27 3.58501e-27 (count: 61)
23.4375 1.22181e-26 3.82571e-27 3.20532e-27 5.18711e-27 (count: 60)
31.25 8.63107e-27 2.92668e-27 2.97049e-27 2.7339e-27 (count: 59)
39.0625 1.03754e-26 2.77212e-27 2.60277e-27 5.00052e-27 (count: 58)
46.875 1.11833e-26 2.96588e-27 3.93636e-27 4.28102e-27 (count: 57)
54.6875 1.15122e-26 3.79432e-27 3.61892e-27 4.09898e-27 (count: 56)
62.5 9.94497e-27 2.61314e-27 3.27112e-27 4.0607e-27 (count: 55)
70.3125 1.16322e-26 3.02534e-27 3.48488e-27 5.12201e-27 (count: 54)
78.125 1.07202e-26 2.66298e-27 3.97008e-27 4.08713e-27 (count: 53)
85.9375 1.029e-26 3.71834e-27 3.10193e-27 3.46978e-27 (count: 52)
93.75 1.03398e-26 3.82166e-27 3.1222e-27 3.3959e-27 (count: 51)
101.562 1.09395e-26 3.37076e-27 2.92615e-27 4.64255e-27 (count: 50)
109.375 1.01498e-26 2.45833e-27 4.0304e-27 3.66112e-27 (count: 49)
117.188 9.72583e-27 2.69265e-27 2.84343e-27 4.18976e-27 (count: 48)
125 9.83377e-27 2.94793e-27 2.36494e-27 4.52089e-27 (count: 47)
132.812 1.23178e-26 4.32696e-27 2.89963e-27 5.09121e-27 (count: 46)
140.625 1.1075e-26 3.65338e-27 3.82571e-27 3.59594e-27 (count: 45)
148.438 1.08685e-26 3.12543e-27 3.60717e-27 4.1359e-27 (count: 44)
156.25 8.82486e-27 2.30841e-27 2.30841e-27 4.20804e-27 (count: 43)
164.062 1.18415e-26 3.92665e-27 3.31118e-27 4.60365e-27 (count: 42)
171.875 1.21303e-26 4.32504e-27 3.50543e-27 4.29983e-27 (count: 41)
179.688 1.07663e-26 2.90806e-27 3.78694e-27 4.07128e-27 (count: 40)
187.5 1.00746e-26 2.20051e-27 3.4731e-27 4.40103e-27 (count: 39)
195.312 2.58494e-27 2.06795e-27 5.16988e-28 0 (count: 1)
