# column 1: time [ps]
# column 2: msd xyz [A^2]
# column 3: msd x [A^2]
# column 4: msd y [A^2]
# column 5: msd z [A^2]
# column 6: number of samples [-]
0.0005 1.31717e-05 4.40776e-06 4.37311e-06 4.39085e-06 (count: 3.92e+07)
0.001 5.26851e-05 1.76304e-05 1.74918e-05 1.75628e-05 (count: 3.91998e+07)
0.0015 0.000118535 3.96662e-05 3.93544e-05 3.95142e-05 (count: 3.91997e+07)
0.002 0.000210712 7.05122e-05 6.99579e-05 7.02419e-05 (count: 3.91995e+07)
0.0025 0.000329204 0.000110164 0.000109298 0.000109742 (count: 3.91994e+07)
0.003 0.000473995 0.000158617 0.00015737 0.000158009 (count: 3.91992e+07)
0.0035 0.000645065 0.000215863 0.000214166 0.000215036 (count: 3.9199e+07)
0.004 0.000842391 0.000281896 0.00027968 0.000280815 (count: 3.91989e+07)
0.0045 0.00106595 0.000356706 0.000353903 0.000355339 (count: 3.91987e+07)
0.005 0.0013157 0.000440283 0.000436824 0.000438596 (count: 3.91986e+07)
0.0055 0.00159162 0.000532616 0.000528432 0.000530575 (count: 3.91984e+07)
0.006 0.00189367 0.000633692 0.000628715 0.000631265 (count: 3.91982e+07)
0.0065 0.00222181 0.000743498 0.00073766 0.000740651 (count: 3.91981e+07)
0.007 0.00257599 0.000862019 0.000855252 0.000858718 (count: 3.91979e+07)
0.0075 0.00295617 0.000989239 0.000981475 0.000985452 (count: 3.91978e+07)
0.008 0.00336229 0.00112514 0.00111631 0.00112083 (count: 3.91976e+07)
0.0085 0.0037943 0.00126971 0.00125975 0.00126485 (count: 3.91974e+07)
0.009 0.00425214 0.00142292 0.00141176 0.00141747 (count: 3.91973e+07)
0.0095 0.00473576 0.00158475 0.00157233 0.00157869 (count: 3.91971e+07)
0.01 0.00524508 0.00175519 0.00174143 0.00174847 (count: 3.9197e+07)
0.0105 0.00578005 0.0019342 0.00191905 0.0019268 (count: 3.91968e+07)
0.011 0.00634058 0.00212177 0.00210515 0.00211365 (count: 3.91966e+07)
0.0115 0.00692661 0.00231787 0.00229973 0.00230901 (count: 3.91965e+07)
0.012 0.00753805 0.00252248 0.00250274 0.00251283 (count: 3.91963e+07)
0.0125 0.00817484 0.00273556 0.00271417 0.00272512 (count: 1.56784e+06)
0.025 0.0320325 0.0107185 0.0106362 0.0106778 (count: 1.56768e+06)
0.0375 0.0697364 0.0233331 0.0231587 0.0232445 (count: 1.56752e+06)
0.05 0.118683 0.0397068 0.0394208 0.0395552 (count: 1.56736e+06)
0.0625 0.175965 0.0588662 0.0584607 0.0586382 (count: 1.5672e+06)
0.075 0.238766 0.0798688 0.0793454 0.0795514 (count: 1.56704e+06)
0.0875 0.304621 0.101892 0.101258 0.101471 (count: 1.56688e+06)
0.1 0.371557 0.124277 0.123543 0.123737 (count: 1.56672e+06)
0.1125 0.438111 0.146538 0.145711 0.145861 (count: 1.56656e+06)
0.125 0.503286 0.168344 0.167429 0.167513 (count: 1.5664e+06)
0.1375 0.566467 0.189492 0.188484 0.18849 (count: 1.56624e+06)
0.15 0.627313 0.209872 0.208758 0.208683 (count: 1.56608e+06)
0.1625 0.685674 0.229435 0.228191 0.228048 (count: 1.56592e+06)
0.175 0.741511 0.24817 0.246765 0.246576 (count: 1.56576e+06)
0.1875 0.794853 0.266088 0.264482 0.264283 (count: 1.5656e+06)
0.2 0.845762 0.283209 0.281358 0.281195 (count: 1.56544e+06)
0.2125 0.894324 0.299562 0.297421 0.297342 (count: 1.56528e+06)
0.225 0.940644 0.315179 0.312702 0.312764 (count: 1.56512e+06)
0.2375 0.984842 0.330099 0.327244 0.3275 (count: 1.56496e+06)
0.25 1.02706 0.344365 0.341093 0.341597 (count: 1.5648e+06)
0.2625 1.06743 0.358026 0.354301 0.355103 (count: 1.56464e+06)
0.275 1.10613 0.371134 0.366925 0.368069 (count: 1.56448e+06)
0.2875 1.1433 0.38374 0.379018 0.380543 (count: 1.56432e+06)
0.3 1.1791 0.395895 0.390635 0.392573 (count: 1.56416e+06)
0.3125 1.21134 0.406094 0.402678 0.402571 (count: 62560)
0.625 1.8993 0.637727 0.624149 0.63742 (count: 62400)
0.9375 2.43177 0.815736 0.798901 0.817137 (count: 62240)
1.25 2.86844 0.963855 0.941171 0.963412 (count: 62080)
1.5625 3.26526 1.10266 1.06915 1.09345 (count: 61920)
1.875 3.64432 1.23008 1.19245 1.22178 (count: 61760)
2.1875 3.99635 1.34588 1.30817 1.3423 (count: 61600)
2.5 4.32766 1.45518 1.41874 1.45374 (count: 61440)
2.8125 4.65018 1.56207 1.52013 1.56798 (count: 61280)
3.125 4.96319 1.66652 1.6192 1.67747 (count: 61120)
3.4375 5.25644 1.76811 1.70748 1.78086 (count: 60960)
3.75 5.54992 1.86349 1.80358 1.88285 (count: 60800)
4.0625 5.82742 1.95383 1.88996 1.98363 (count: 60640)
4.375 6.10583 2.04383 1.97788 2.08412 (count: 60480)
4.6875 6.38691 2.14275 2.06522 2.17894 (count: 60320)
5 6.65335 2.23462 2.14923 2.26951 (count: 60160)
5.3125 6.91302 2.32311 2.23085 2.35906 (count: 60000)
5.625 7.16828 2.40638 2.31156 2.45034 (count: 59840)
5.9375 7.41819 2.4899 2.39171 2.53658 (count: 59680)
6.25 7.68122 2.57975 2.47011 2.63136 (count: 59520)
6.5625 7.92061 2.66139 2.54331 2.71591 (count: 59360)
6.875 8.16736 2.74216 2.62161 2.80359 (count: 59200)
7.1875 8.41291 2.82557 2.69968 2.88766 (count: 59040)
7.5 8.65901 2.906 2.77543 2.97758 (count: 58880)
7.8125 8.81907 3.01614 2.81332 2.9896 (count: 2240)
15.625 14.216 4.9656 4.43179 4.81866 (count: 2080)
23.4375 19.0902 6.76148 5.89552 6.43317 (count: 1920)
31.25 23.6618 8.37386 7.34645 7.94147 (count: 1760)
39.0625 27.6526 9.75287 8.67829 9.22145 (count: 1600)
46.875 30.8521 10.9449 9.94158 9.96562 (count: 1440)
54.6875 34.5018 12.1077 11.3018 11.0923 (count: 1280)
62.5 37.5817 13.2363 12.5736 11.7718 (count: 1120)
70.3125 40.4858 14.6305 13.5287 12.3267 (count: 960)
78.125 43.0122 15.9429 14.4095 12.6598 (count: 800)
85.9375 44.8839 17.078 15.0438 12.7621 (count: 640)
93.75 46.3922 17.8879 15.2532 13.2511 (count: 480)
101.562 47.2033 18.5997 15.4722 13.1315 (count: 320)
109.375 50.175 19.528 15.8393 14.8076 (count: 160)
