# column 1: time [ps]
# column 2: msd xyz [A^2]
# column 3: msd x [A^2]
# column 4: msd y [A^2]
# column 5: msd z [A^2]
# column 6: number of samples [-]
0.0005 1.62754e-05 5.44648e-06 5.38736e-06 5.44153e-06 (count: 2.352e+07)
0.001 6.50991e-05 2.17851e-05 2.15487e-05 2.17653e-05 (count: 2.35199e+07)
0.0015 0.000146464 4.90136e-05 4.84815e-05 4.89691e-05 (count: 2.35198e+07)
0.002 0.000260358 8.71277e-05 8.6182e-05 8.70487e-05 (count: 2.35197e+07)
0.0025 0.000406765 0.000136122 0.000134645 0.000135999 (count: 2.35196e+07)
0.003 0.000585664 0.000195989 0.000193862 0.000195812 (count: 2.35195e+07)
0.0035 0.000797027 0.000266721 0.000263826 0.00026648 (count: 2.35194e+07)
0.004 0.00104082 0.000348306 0.000344527 0.000347991 (count: 2.35193e+07)
0.0045 0.00131702 0.000440733 0.000435951 0.000440335 (count: 2.35192e+07)
0.005 0.00162557 0.000543988 0.000538087 0.000543498 (count: 2.35191e+07)
0.0055 0.00196644 0.000658056 0.000650919 0.000657464 (count: 2.3519e+07)
0.006 0.00233957 0.000782921 0.000774431 0.000782218 (count: 2.35189e+07)
0.0065 0.00274491 0.000918564 0.000908605 0.00091774 (count: 2.35188e+07)
0.007 0.0031824 0.00106496 0.00105342 0.00106401 (count: 2.35188e+07)
0.0075 0.00365197 0.0012221 0.00120886 0.00122101 (count: 2.35187e+07)
0.008 0.00415356 0.00138995 0.0013749 0.00138872 (count: 2.35186e+07)
0.0085 0.0046871 0.0015685 0.00155151 0.0015671 (count: 2.35185e+07)
0.009 0.00525251 0.0017577 0.00173867 0.00175614 (count: 2.35184e+07)
0.0095 0.0058497 0.00195754 0.00193635 0.00195581 (count: 2.35183e+07)
0.01 0.0064786 0.00216799 0.00214453 0.00216608 (count: 2.35182e+07)
0.0105 0.0071391 0.00238901 0.00236317 0.00238691 (count: 2.35181e+07)
0.011 0.00783112 0.00262058 0.00259225 0.00261828 (count: 2.3518e+07)
0.0115 0.00855455 0.00286266 0.00283173 0.00286016 (count: 2.35179e+07)
0.012 0.00930929 0.00311522 0.00308157 0.0031125 (count: 2.35178e+07)
0.0125 0.0100953 0.00337821 0.00334179 0.00337533 (count: 940704)
0.025 0.0394896 0.0132132 0.0130732 0.0132032 (count: 940608)
0.0375 0.0857278 0.0286801 0.0283851 0.0286625 (count: 940512)
0.05 0.145335 0.0486125 0.048132 0.0485907 (count: 940416)
0.0625 0.214451 0.0717151 0.0710409 0.0716955 (count: 940320)
0.075 0.289371 0.0967465 0.095889 0.0967357 (count: 940224)
0.0875 0.366909 0.122641 0.121624 0.122644 (count: 940128)
0.1 0.444578 0.148569 0.147421 0.148588 (count: 940032)
0.1125 0.520615 0.173943 0.172693 0.173978 (count: 939936)
0.125 0.5939 0.198396 0.197064 0.198441 (count: 939840)
0.1375 0.663828 0.221728 0.220323 0.221777 (count: 939744)
0.15 0.730156 0.243866 0.242379 0.243911 (count: 939648)
0.1625 0.792869 0.26481 0.263215 0.264844 (count: 939552)
0.175 0.852077 0.284601 0.282857 0.284619 (count: 939456)
0.1875 0.907946 0.303298 0.301351 0.303297 (count: 939360)
0.2 0.960657 0.320962 0.31875 0.320946 (count: 939264)
0.2125 1.0104 0.337652 0.335113 0.337631 (count: 939168)
0.225 1.05735 0.35343 0.350503 0.353417 (count: 939072)
0.2375 1.10172 0.368357 0.364986 0.368373 (count: 938976)
0.25 1.1437 0.382498 0.378634 0.382568 (count: 938880)
0.2625 1.18352 0.395925 0.391524 0.396072 (count: 938784)
0.275 1.22141 0.408712 0.403735 0.40896 (count: 938688)
0.2875 1.25759 0.420937 0.415349 0.421304 (count: 938592)
0.3 1.29229 0.432677 0.426443 0.433174 (count: 938496)
0.3125 1.32195 0.44207 0.43827 0.441607 (count: 37536)
0.625 2.04987 0.687366 0.669842 0.692663 (count: 37440)
0.9375 2.62951 0.884228 0.859936 0.885342 (count: 37344)
1.25 3.10091 1.04295 1.01749 1.04046 (count: 37248)
1.5625 3.51411 1.18622 1.15414 1.17375 (count: 37152)
1.875 3.90386 1.31795 1.28076 1.30515 (count: 37056)
2.1875 4.26059 1.43493 1.40169 1.42398 (count: 36960)
2.5 4.58969 1.54696 1.51421 1.52852 (count: 36864)
2.8125 4.90764 1.65135 1.62002 1.63628 (count: 36768)
3.125 5.21914 1.75516 1.72094 1.74305 (count: 36672)
3.4375 5.50941 1.86028 1.80886 1.84026 (count: 36576)
3.75 5.79593 1.95354 1.90582 1.93657 (count: 36480)
4.0625 6.06789 2.04234 1.99486 2.03069 (count: 36384)
4.375 6.34725 2.13261 2.08526 2.12938 (count: 36288)
4.6875 6.62722 2.23219 2.17817 2.21686 (count: 36192)
5 6.88872 2.32481 2.2642 2.2997 (count: 36096)
5.3125 7.13633 2.41031 2.3453 2.38073 (count: 36000)
5.625 7.39041 2.49282 2.42904 2.46855 (count: 35904)
5.9375 7.64162 2.57866 2.51102 2.55193 (count: 35808)
6.25 7.90763 2.67524 2.58777 2.64462 (count: 35712)
6.5625 8.1428 2.76077 2.65512 2.72691 (count: 35616)
6.875 8.3863 2.8417 2.73326 2.81135 (count: 35520)
7.1875 8.62522 2.92549 2.80839 2.89133 (count: 35424)
7.5 8.86852 3.01077 2.88078 2.97698 (count: 35328)
7.8125 8.89943 3.11802 2.78245 2.99897 (count: 1344)
15.625 14.5748 5.19025 4.40525 4.97932 (count: 1248)
23.4375 19.8119 7.0831 6.00416 6.72463 (count: 1152)
31.25 24.9171 8.86343 7.76092 8.29279 (count: 1056)
39.0625 29.4171 10.3348 9.22253 9.8598 (count: 960)
46.875 33.0633 11.5937 10.6594 10.8103 (count: 864)
54.6875 36.9702 12.7901 12.009 12.171 (count: 768)
62.5 39.9535 13.698 13.3066 12.949 (count: 672)
70.3125 42.8326 15.162 14.1397 13.5309 (count: 576)
78.125 45.7378 16.7682 14.8882 14.0814 (count: 480)
85.9375 48.6004 18.7321 15.212 14.6563 (count: 384)
93.75 50.2749 20.0874 15.0012 15.1863 (count: 288)
101.562 51.3567 21.0929 15.4704 14.7933 (count: 192)
109.375 51.8833 21.3894 14.8172 15.6767 (count: 96)
