# column 1: time [ps]
# column 2: msd xyz [A^2]
# column 3: msd x [A^2]
# column 4: msd y [A^2]
# column 5: msd z [A^2]
# column 6: number of samples [-]
0.0005 -2.14548e-07 -1.26417e-07 -3.01352e-09 -8.5117e-08 (count: 245000)
0.001 -8.57684e-07 -5.05461e-07 -1.1958e-08 -3.40265e-07 (count: 244999)
0.0015 -1.9279e-06 -1.13658e-06 -2.64337e-08 -7.64886e-07 (count: 244998)
0.002 -3.42266e-06 -2.01888e-06 -4.57004e-08 -1.35808e-06 (count: 244997)
0.0025 -5.33847e-06 -3.15117e-06 -6.86776e-08 -2.11862e-06 (count: 244996)
0.003 -7.67079e-06 -4.53191e-06 -9.39457e-08 -3.04494e-06 (count: 244995)
0.0035 -1.04141e-05 -6.15925e-06 -1.19746e-07 -4.13512e-06 (count: 244994)
0.004 -1.35619e-05 -8.03103e-06 -1.43983e-07 -5.38692e-06 (count: 244993)
0.0045 -1.71067e-05 -1.01447e-05 -1.64225e-07 -6.79778e-06 (count: 244992)
0.005 -2.10401e-05 -1.24976e-05 -1.77706e-07 -8.36478e-06 (count: 244991)
0.0055 -2.53524e-05 -1.50864e-05 -1.81324e-07 -1.00847e-05 (count: 244990)
0.006 -3.00334e-05 -1.79078e-05 -1.71651e-07 -1.1954e-05 (count: 244989)
0.0065 -3.50716e-05 -2.0958e-05 -1.44925e-07 -1.39687e-05 (count: 244988)
0.007 -4.04547e-05 -2.42329e-05 -9.70609e-08 -1.61247e-05 (count: 244987)
0.0075 -4.61692e-05 -2.77282e-05 -2.36464e-08 -1.84174e-05 (count: 244986)
0.008 -5.22011e-05 -3.14392e-05 8.00509e-08 -2.08419e-05 (count: 244985)
0.0085 -5.8535e-05 -3.53609e-05 2.19083e-07 -2.33932e-05 (count: 244984)
0.009 -6.51549e-05 -3.9488e-05 3.98818e-07 -2.60658e-05 (count: 244983)
0.0095 -7.20437e-05 -4.38149e-05 6.24936e-07 -2.88537e-05 (count: 244982)
0.01 -7.91835e-05 -4.83359e-05 9.03429e-07 -3.17511e-05 (count: 244981)
0.0105 -8.65555e-05 -5.30447e-05 1.24059e-06 -3.47514e-05 (count: 244980)
0.011 -9.41399e-05 -5.79349e-05 1.64303e-06 -3.7848e-05 (count: 244979)
0.0115 -0.000101916 -6.29997e-05 2.11763e-06 -4.1034e-05 (count: 244978)
0.012 -0.000109863 -6.82323e-05 2.67159e-06 -4.4302e-05 (count: 244977)
0.0125 -0.000117898 -7.35105e-05 3.10096e-06 -4.74886e-05 (count: 9799)
0.025 -0.00028736 -0.000234018 7.41733e-05 -0.000127515 (count: 9798)
0.0375 -1.89709e-05 -0.000323676 0.000379609 -7.49039e-05 (count: 9797)
0.05 0.00133259 -0.00013734 0.00114199 0.000327938 (count: 9796)
0.0625 0.00440714 0.000523865 0.00258621 0.00129706 (count: 9795)
0.075 0.00971534 0.00181316 0.0048968 0.00300539 (count: 9794)
0.0875 0.0175702 0.0038187 0.00819233 0.00555918 (count: 9793)
0.1 0.0280712 0.00656233 0.0125169 0.008992 (count: 9792)
0.1125 0.0411294 0.0100109 0.0178457 0.0132727 (count: 9791)
0.125 0.0565162 0.0140933 0.0241002 0.0183227 (count: 9790)
0.1375 0.0739209 0.0187175 0.0311671 0.0240363 (count: 9789)
0.15 0.0929997 0.0237847 0.0389158 0.0302992 (count: 9788)
0.1625 0.113413 0.0291991 0.0472131 0.0370013 (count: 9787)
0.175 0.134848 0.0348723 0.0559319 0.0440434 (count: 9786)
0.1875 0.157018 0.0407237 0.0649554 0.051339 (count: 9785)
0.2 0.17967 0.0466781 0.0741788 0.0588135 (count: 9784)
0.2125 0.202575 0.0526644 0.083509 0.0664015 (count: 9783)
0.225 0.225521 0.0586131 0.092865 0.0740426 (count: 9782)
0.2375 0.248309 0.0644558 0.102175 0.081678 (count: 9781)
0.25 0.270747 0.0701254 0.111373 0.0892486 (count: 9780)
0.2625 0.292647 0.0755581 0.120395 0.0966946 (count: 9779)
0.275 0.313826 0.0806954 0.129174 0.103956 (count: 9778)
0.2875 0.33411 0.0854866 0.137647 0.110976 (count: 9777)
0.3 0.353341 0.0898905 0.145749 0.117701 (count: 9776)
0.3125 0.349218 0.0851619 0.14021 0.123846 (count: 391)
0.625 0.412822 0.0661623 0.175325 0.171335 (count: 390)
0.9375 0.462355 0.0838939 0.190032 0.188429 (count: 389)
1.25 0.48978 0.0965209 0.216289 0.176971 (count: 388)
1.5625 0.569133 0.120688 0.263275 0.18517 (count: 387)
1.875 0.611248 0.117461 0.273406 0.220382 (count: 386)
2.1875 0.710352 0.128654 0.3208 0.260898 (count: 385)
2.5 0.844194 0.164332 0.387919 0.291944 (count: 384)
2.8125 0.889501 0.165434 0.371361 0.352706 (count: 383)
3.125 0.947617 0.151139 0.410001 0.386477 (count: 382)
3.4375 0.965077 0.110367 0.406151 0.448559 (count: 381)
3.75 1.01571 0.101571 0.435612 0.478529 (count: 380)
4.0625 1.09293 0.119112 0.45429 0.51953 (count: 379)
4.375 1.17645 0.126297 0.44518 0.604976 (count: 378)
4.6875 1.17714 0.119126 0.429988 0.628027 (count: 377)
5 1.15822 0.111809 0.381366 0.665046 (count: 376)
5.3125 1.31182 0.158814 0.412448 0.740559 (count: 375)
5.625 1.42462 0.148856 0.41431 0.86145 (count: 374)
5.9375 1.47391 0.165117 0.428817 0.879976 (count: 373)
6.25 1.54122 0.183359 0.424918 0.932943 (count: 372)
6.5625 1.61902 0.231594 0.425401 0.962028 (count: 371)
6.875 1.73001 0.259548 0.419895 1.05056 (count: 370)
7.1875 1.79196 0.263054 0.436528 1.09238 (count: 369)
7.5 1.90513 0.288051 0.433822 1.18326 (count: 368)
7.8125 1.38836 0.311243 -0.60629 1.6834 (count: 14)
15.625 2.5358 0.706525 0.555052 1.27422 (count: 13)
23.4375 6.7815 1.90869 1.93616 2.93665 (count: 12)
31.25 9.18572 3.49983 2.20692 3.47897 (count: 11)
39.0625 10.2209 3.73537 2.49956 3.98593 (count: 10)
46.875 8.77131 3.3456 1.27171 4.154 (count: 9)
54.6875 4.91469 2.86651 -1.79336 3.84154 (count: 8)
62.5 4.22261 2.20298 -2.03369 4.05332 (count: 7)
70.3125 -0.0931857 1.24392 -4.03154 2.69443 (count: 6)
78.125 -5.39913 -0.091479 -6.49858 1.19093 (count: 5)
85.9375 -5.42552 0.494422 -7.14233 1.22239 (count: 4)
93.75 -7.04722 0.275835 -6.25046 -1.0726 (count: 3)
101.562 -7.42025 0.166154 -7.15878 -0.427621 (count: 2)
109.375 -5.58215 -0.0191341 -5.57162 0.00860921 (count: 1)
