#Percentage conformations found in torsional forms:
#--------------------------------------------------
# synperiplanar form         [-30:30,330:360]: 0.561969 %
# synclinal+ (gauche+) form           [30:90]: 26.903921 %
# anticlinal+ form                   [90:150]: 2.226693 %
# antiperiplanar+ (trans,anti) form [150:210]: 41.744450 %
# anticlinal- form                  [210:270]: 2.163903 %
# synclinal- (gauche-) form         [270:330]: 26.399065 %
0 1.64588e-05
0.36 1.65383e-05
0.72 1.64864e-05
1.08 1.64048e-05
1.44 1.663e-05
1.8 1.65017e-05
2.16 1.66383e-05
2.52 1.70651e-05
2.88 1.71979e-05
3.24 1.74009e-05
3.6 1.77429e-05
3.96 1.81372e-05
4.32 1.8418e-05
4.68 1.85353e-05
5.04 1.87445e-05
5.4 1.90994e-05
5.76 1.96545e-05
6.12 2.01362e-05
6.48 2.04572e-05
6.84 2.10489e-05
7.2 2.14404e-05
7.56 2.23559e-05
7.92 2.28519e-05
8.28 2.33966e-05
8.64 2.40997e-05
9 2.50383e-05
9.36 2.57128e-05
9.72 2.65131e-05
10.08 2.73563e-05
10.44 2.84536e-05
10.8 2.93601e-05
11.16 3.04883e-05
11.52 3.16244e-05
11.88 3.2765e-05
12.24 3.386e-05
12.6 3.48253e-05
12.96 3.6806e-05
13.32 3.82496e-05
13.68 4.01027e-05
14.04 4.1927e-05
14.4 4.35152e-05
14.76 4.56079e-05
15.12 4.81897e-05
15.48 5.0342e-05
15.84 5.25381e-05
16.2 5.49515e-05
16.56 5.7582e-05
16.92 6.01856e-05
17.28 6.34187e-05
17.64 6.66928e-05
18 6.99065e-05
18.36 7.35667e-05
18.72 7.72797e-05
19.08 8.06632e-05
19.44 8.51776e-05
19.8 9.00746e-05
20.16 9.47142e-05
20.52 0.000100099
20.88 0.00010514
21.24 0.000111325
21.6 0.000117362
21.96 0.000124986
22.32 0.000132031
22.68 0.000139259
23.04 0.000147056
23.4 0.000155562
23.76 0.000163541
24.12 0.000172785
24.48 0.000182882
24.84 0.000193398
25.2 0.00020427
25.56 0.000217033
25.92 0.000228875
26.28 0.000242735
26.64 0.000258388
27 0.000273435
27.36 0.000289408
27.72 0.000305812
28.08 0.00032196
28.44 0.000340825
28.8 0.000361984
29.16 0.000383429
29.52 0.000404995
29.88 0.000428521
30.24 0.000453328
30.6 0.000479802
30.96 0.000506303
31.32 0.00053577
31.68 0.000565798
32.04 0.000598699
32.4 0.000632429
32.76 0.000667355
33.12 0.000707304
33.48 0.000748225
33.84 0.000788688
34.2 0.000832401
34.56 0.0008794
34.92 0.000930668
35.28 0.000980429
35.64 0.00103367
36 0.00108973
36.36 0.00114761
36.72 0.00120925
37.08 0.00127265
37.44 0.00134015
37.8 0.00140828
38.16 0.00148051
38.52 0.00155441
38.88 0.00163319
39.24 0.00171633
39.6 0.00180263
39.96 0.00188964
40.32 0.00197963
40.68 0.00207449
41.04 0.00217428
41.4 0.00227616
41.76 0.00238097
42.12 0.00248642
42.48 0.00259788
42.84 0.00271311
43.2 0.0028328
43.56 0.00295216
43.92 0.00307472
44.28 0.00320258
44.64 0.00333497
45 0.00346754
45.36 0.00360732
45.72 0.00374321
46.08 0.00388329
46.44 0.00403034
46.8 0.00417213
47.16 0.0043244
47.52 0.00447737
47.88 0.00462948
48.24 0.00478276
48.6 0.00493605
48.96 0.00509083
49.32 0.00524913
49.68 0.00540751
50.04 0.00556694
50.4 0.00572216
50.76 0.0058789
51.12 0.00603134
51.48 0.00619016
51.84 0.00634652
52.2 0.00650091
52.56 0.00665021
52.92 0.00680102
53.28 0.00694608
53.64 0.00708385
54 0.00721836
54.36 0.00735294
54.72 0.00748062
55.08 0.00760993
55.44 0.00773429
55.8 0.00784882
56.16 0.00795106
56.52 0.00805621
56.88 0.00815712
57.24 0.00824858
57.6 0.00834323
57.96 0.0084202
58.32 0.00849558
58.68 0.00855597
59.04 0.00861583
59.4 0.00867065
59.76 0.00871698
60.12 0.00875025
60.48 0.00877881
60.84 0.00879628
61.2 0.00880302
61.56 0.00880614
61.92 0.00879831
62.28 0.00878833
62.64 0.00877414
63 0.00874467
63.36 0.00870944
63.72 0.00866584
64.08 0.00862276
64.44 0.00856179
64.8 0.00849275
65.16 0.00842484
65.52 0.00834114
65.88 0.00825609
66.24 0.00816687
66.6 0.00806947
66.96 0.00796707
67.32 0.00786111
67.68 0.00774261
68.04 0.007625
68.4 0.00750373
68.76 0.00737708
69.12 0.00724841
69.48 0.00711215
69.84 0.00697544
70.2 0.00684057
70.56 0.00669534
70.92 0.00655164
71.28 0.00640519
71.64 0.00625466
72 0.00610769
72.36 0.00595327
72.72 0.00580567
73.08 0.00565618
73.44 0.00550288
73.8 0.00535409
74.16 0.00520134
74.52 0.00504757
74.88 0.00490527
75.24 0.00475148
75.6 0.00460704
75.96 0.00446448
76.32 0.00432347
76.68 0.00418184
77.04 0.00404115
77.4 0.00390341
77.76 0.00377115
78.12 0.00363746
78.48 0.00350817
78.84 0.00338024
79.2 0.00326279
79.56 0.0031434
79.92 0.00302509
80.28 0.00291297
80.64 0.00280191
81 0.00268858
81.36 0.00258412
81.72 0.00248085
82.08 0.00238321
82.44 0.00228807
82.8 0.0021955
83.16 0.00210493
83.52 0.00201597
83.88 0.00193198
84.24 0.00185023
84.6 0.00176927
84.96 0.00169345
85.32 0.00162054
85.68 0.00155224
86.04 0.0014865
86.4 0.00142019
86.76 0.00135603
87.12 0.00129716
87.48 0.00123878
87.84 0.00118479
88.2 0.00113331
88.56 0.00108255
88.92 0.00103387
89.28 0.000986803
89.64 0.000941947
90 0.0009019
90.36 0.000860616
90.72 0.000821881
91.08 0.000784858
91.44 0.000750043
91.8 0.000716934
92.16 0.000684434
92.52 0.000653068
92.88 0.000623592
93.24 0.000596897
93.6 0.000569015
93.96 0.00054435
94.32 0.000522149
94.68 0.000499405
95.04 0.000476595
95.4 0.000456962
95.76 0.000436489
96.12 0.000418652
96.48 0.000401423
96.84 0.000383955
97.2 0.000369014
97.56 0.000353201
97.92 0.000338021
98.28 0.000324085
98.64 0.000311105
99 0.000298869
99.36 0.000287765
99.72 0.000276766
100.08 0.000266275
100.44 0.000255913
100.8 0.000246505
101.16 0.0002366
101.52 0.000228832
101.88 0.000220905
102.24 0.000212873
102.6 0.00020645
102.96 0.000198911
103.32 0.00019217
103.68 0.000186452
104.04 0.000179964
104.4 0.000174546
104.76 0.000170312
105.12 0.000165284
105.48 0.00016015
105.84 0.000155816
106.2 0.000151647
106.56 0.000147292
106.92 0.000144078
107.28 0.000139665
107.64 0.000136685
108 0.000133201
108.36 0.000130131
108.72 0.000127335
109.08 0.000125101
109.44 0.000122422
109.8 0.000119812
110.16 0.000117729
110.52 0.000115878
110.88 0.000113451
111.24 0.000112315
111.6 0.000110721
111.96 0.000109507
112.32 0.000107802
112.68 0.00010687
113.04 0.000105962
113.4 0.000104428
113.76 0.000103806
114.12 0.000103013
114.48 0.000102899
114.84 0.000101941
115.2 0.000101149
115.56 0.000100721
115.92 0.00010091
116.28 0.000101106
116.64 0.000101066
117 0.000100517
117.36 0.000101018
117.72 0.000101268
118.08 0.000100865
118.44 0.000101528
118.8 0.000101979
119.16 0.000103023
119.52 0.000103394
119.88 0.000104552
120.24 0.000104833
120.6 0.000106055
120.96 0.000107772
121.32 0.000108341
121.68 0.000109744
122.04 0.000110588
122.4 0.000112639
122.76 0.000115024
123.12 0.000116508
123.48 0.000118682
123.84 0.000120298
124.2 0.000122488
124.56 0.000125073
124.92 0.000127928
125.28 0.000130215
125.64 0.000133981
126 0.00013686
126.36 0.000139238
126.72 0.000142677
127.08 0.000145977
127.44 0.000149769
127.8 0.000153706
128.16 0.000157961
128.52 0.000162871
128.88 0.000166996
129.24 0.000172027
129.6 0.000177324
129.96 0.000183686
130.32 0.000189002
130.68 0.000195454
131.04 0.000203146
131.4 0.000209156
131.76 0.000215444
132.12 0.000223039
132.48 0.000230401
132.84 0.000239064
133.2 0.000247447
133.56 0.000256163
133.92 0.000264897
134.28 0.000273737
134.64 0.000284694
135 0.000297478
135.36 0.000308533
135.72 0.00032076
136.08 0.000333392
136.44 0.000346058
136.8 0.00036092
137.16 0.000376002
137.52 0.000390193
137.88 0.000407165
138.24 0.000423622
138.6 0.000440651
138.96 0.000461582
139.32 0.000480056
139.68 0.000499796
140.04 0.000520566
140.4 0.000543739
140.76 0.000567345
141.12 0.000592473
141.48 0.000616822
141.84 0.000643678
142.2 0.000672297
142.56 0.000700388
142.92 0.000729663
143.28 0.00076426
143.64 0.000798459
144 0.000834133
144.36 0.000872092
144.72 0.000910061
145.08 0.000948913
145.44 0.000993168
145.8 0.00103585
146.16 0.0010834
146.52 0.00113393
146.88 0.00118081
147.24 0.0012312
147.6 0.00128543
147.96 0.00134236
148.32 0.00140069
148.68 0.00146067
149.04 0.00152673
149.4 0.00159115
149.76 0.00166011
150.12 0.0017303
150.48 0.00180242
150.84 0.00188233
151.2 0.00196371
151.56 0.00204547
151.92 0.00213261
152.28 0.00221911
152.64 0.00230747
153 0.00239845
153.36 0.00249604
153.72 0.00259991
154.08 0.00269968
154.44 0.00280436
154.8 0.002913
155.16 0.00302755
155.52 0.003144
155.88 0.00326059
156.24 0.00338406
156.6 0.00351003
156.96 0.0036367
157.32 0.0037681
157.68 0.00390432
158.04 0.00403798
158.4 0.00417809
158.76 0.00432133
159.12 0.00446702
159.48 0.00462229
159.84 0.00477374
160.2 0.00492252
160.56 0.00507892
160.92 0.0052373
161.28 0.00539848
161.64 0.00555992
162 0.00572464
162.36 0.00589412
162.72 0.0060618
163.08 0.00623454
163.44 0.00640523
163.8 0.00657552
164.16 0.00674502
164.52 0.00692452
164.88 0.00709472
165.24 0.00726559
165.6 0.00744021
165.96 0.00761374
166.32 0.00778993
166.68 0.00796207
167.04 0.00812858
167.4 0.00830589
167.76 0.00847137
168.12 0.00863526
168.48 0.00879069
168.84 0.0089583
169.2 0.00912866
169.56 0.00927974
169.92 0.00943336
170.28 0.0095801
170.64 0.00973573
171 0.00987934
171.36 0.0100044
171.72 0.0101459
172.08 0.0102818
172.44 0.0104097
172.8 0.0105299
173.16 0.0106502
173.52 0.0107598
173.88 0.0108688
174.24 0.0109696
174.6 0.0110621
174.96 0.011154
175.32 0.0112367
175.68 0.0113216
176.04 0.0113845
176.4 0.0114501
176.76 0.0115103
177.12 0.0115597
177.48 0.0116103
177.84 0.0116427
178.2 0.0116694
178.56 0.0116949
178.92 0.0117082
179.28 0.0117144
179.64 0.0117248
180 0.011711
180.36 0.0117038
180.72 0.011696
181.08 0.0116696
181.44 0.0116386
181.8 0.0116015
182.16 0.0115637
182.52 0.0115121
182.88 0.0114526
183.24 0.0113914
183.6 0.0113266
183.96 0.0112464
184.32 0.0111602
184.68 0.0110715
185.04 0.0109786
185.4 0.0108755
185.76 0.01077
186.12 0.0106549
186.48 0.0105335
186.84 0.0104142
187.2 0.0102944
187.56 0.0101619
187.92 0.0100246
188.28 0.00988509
188.64 0.00974076
189 0.00959132
189.36 0.00944663
189.72 0.00929082
190.08 0.00913235
190.44 0.00897266
190.8 0.00880972
191.16 0.00864508
191.52 0.00847792
191.88 0.00831494
192.24 0.008148
192.6 0.00798314
192.96 0.00781602
193.32 0.00764212
193.68 0.00747005
194.04 0.00729821
194.4 0.00712378
194.76 0.00695143
195.12 0.006776
195.48 0.00660124
195.84 0.00643231
196.2 0.00626208
196.56 0.00609805
196.92 0.00592917
197.28 0.00576119
197.64 0.00559269
198 0.00543967
198.36 0.00527622
198.72 0.00511647
199.08 0.00496102
199.44 0.00480627
199.8 0.00465703
200.16 0.00450644
200.52 0.00436376
200.88 0.00421746
201.24 0.00407621
201.6 0.00394223
201.96 0.00380814
202.32 0.00367439
202.68 0.00354881
203.04 0.00341986
203.4 0.00330011
203.76 0.00318172
204.12 0.00306472
204.48 0.00295048
204.84 0.0028416
205.2 0.00273748
205.56 0.00263327
205.92 0.0025293
206.28 0.00243158
206.64 0.0023358
207 0.00224567
207.36 0.00215934
207.72 0.00207085
208.08 0.00198858
208.44 0.00190853
208.8 0.00183109
209.16 0.00175762
209.52 0.00168356
209.88 0.00161193
210.24 0.00154881
210.6 0.00148504
210.96 0.00142259
211.32 0.0013632
211.68 0.00130424
212.04 0.00124797
212.4 0.0011946
212.76 0.00114369
213.12 0.00109489
213.48 0.00104916
213.84 0.00100421
214.2 0.000963271
214.56 0.000919241
214.92 0.000882512
215.28 0.000844562
215.64 0.00080741
216 0.000773109
216.36 0.000739429
216.72 0.00070572
217.08 0.000678101
217.44 0.000649578
217.8 0.000622188
218.16 0.000596777
218.52 0.000572341
218.88 0.000549912
219.24 0.000526791
219.6 0.00050444
219.96 0.000482987
220.32 0.000463598
220.68 0.000444041
221.04 0.000426912
221.4 0.000409364
221.76 0.000393358
222.12 0.00037895
222.48 0.000361749
222.84 0.000347586
223.2 0.000333535
223.56 0.000320818
223.92 0.00030962
224.28 0.000298482
224.64 0.000287048
225 0.00027685
225.36 0.000266389
225.72 0.000256777
226.08 0.000247328
226.44 0.000238401
226.8 0.000229166
227.16 0.00022204
227.52 0.000214636
227.88 0.000207269
228.24 0.000201177
228.6 0.000194564
228.96 0.000187507
229.32 0.000182308
229.68 0.000176537
230.04 0.000171474
230.4 0.00016736
230.76 0.000162031
231.12 0.000157196
231.48 0.000153378
231.84 0.000149343
232.2 0.000145739
232.56 0.000141758
232.92 0.000138606
233.28 0.000135058
233.64 0.000131951
234 0.000129347
234.36 0.000126366
234.72 0.000124276
235.08 0.000120919
235.44 0.000119159
235.8 0.000117619
236.16 0.000115278
236.52 0.000113082
236.88 0.000111107
237.24 0.000109485
237.6 0.000107108
237.96 0.000105952
238.32 0.000104864
238.68 0.000103818
239.04 0.000102719
239.4 0.000101779
239.76 0.000101076
240.12 0.000100024
240.48 9.90377e-05
240.84 9.92971e-05
241.2 9.88654e-05
241.56 9.83806e-05
241.92 9.76543e-05
242.28 9.72742e-05
242.64 9.73146e-05
243 9.71376e-05
243.36 9.71009e-05
243.72 9.82287e-05
244.08 9.83214e-05
244.44 9.81772e-05
244.8 9.90501e-05
245.16 9.97605e-05
245.52 0.000100571
245.88 0.000100303
246.24 0.000100945
246.6 0.00010259
246.96 0.000103681
247.32 0.000104922
247.68 0.000105997
248.04 0.000108363
248.4 0.000108978
248.76 0.000110811
249.12 0.000112709
249.48 0.000114858
249.84 0.000117178
250.2 0.000119501
250.56 0.000121741
250.92 0.000124259
251.28 0.0001266
251.64 0.000129859
252 0.000132376
252.36 0.000135752
252.72 0.000138574
253.08 0.000142458
253.44 0.000147546
253.8 0.000151325
254.16 0.000155082
254.52 0.000159873
254.88 0.000165152
255.24 0.000170175
255.6 0.000176066
255.96 0.000181382
256.32 0.000187448
256.68 0.000193982
257.04 0.000200773
257.4 0.000207524
257.76 0.000215176
258.12 0.000223618
258.48 0.000231643
258.84 0.000240063
259.2 0.000250422
259.56 0.00026012
259.92 0.000270456
260.28 0.000280766
260.64 0.000293341
261 0.000305026
261.36 0.000317883
261.72 0.000331543
262.08 0.000345871
262.44 0.00036053
262.8 0.000375425
263.16 0.000392056
263.52 0.000409193
263.88 0.000427922
264.24 0.00044669
264.6 0.000467257
264.96 0.000488424
265.32 0.000510974
265.68 0.000533843
266.04 0.000559044
266.4 0.000586264
266.76 0.000613086
267.12 0.000641009
267.48 0.000670839
267.84 0.000700635
268.2 0.000734118
268.56 0.000768732
268.92 0.000805615
269.28 0.000843301
269.64 0.000885148
270 0.000927026
270.36 0.00097031
270.72 0.00101583
271.08 0.00106377
271.44 0.00111195
271.8 0.00116562
272.16 0.00121849
272.52 0.0012733
272.88 0.00133087
273.24 0.00139259
273.6 0.00145825
273.96 0.00152377
274.32 0.00159099
274.68 0.0016643
275.04 0.00173976
275.4 0.00181513
275.76 0.00189621
276.12 0.00197844
276.48 0.00206107
276.84 0.00214968
277.2 0.00223934
277.56 0.00233648
277.92 0.00243483
278.28 0.00253382
278.64 0.00263571
279 0.00274389
279.36 0.0028544
279.72 0.00296472
280.08 0.00308218
280.44 0.00320141
280.8 0.00332021
281.16 0.00344497
281.52 0.00357017
281.88 0.00370094
282.24 0.00383296
282.6 0.00396713
282.96 0.00410291
283.32 0.00424266
283.68 0.00438059
284.04 0.00452082
284.4 0.00466477
284.76 0.00481409
285.12 0.00495782
285.48 0.00510274
285.84 0.00525298
286.2 0.00539406
286.56 0.00554971
286.92 0.00570095
287.28 0.00584749
287.64 0.00599727
288 0.00614172
288.36 0.00628812
288.72 0.0064302
289.08 0.00657246
289.44 0.00671338
289.8 0.00685007
290.16 0.00698519
290.52 0.00711252
290.88 0.00723936
291.24 0.00736319
291.6 0.00748313
291.96 0.00759799
292.32 0.00771012
292.68 0.00781927
293.04 0.00792266
293.4 0.00801634
293.76 0.00810528
294.12 0.00818577
294.48 0.00826749
294.84 0.00833657
295.2 0.0083995
295.56 0.00845774
295.92 0.00850701
296.28 0.00855183
296.64 0.00858498
297 0.00861325
297.36 0.00863612
297.72 0.00864948
298.08 0.00864978
298.44 0.00865038
298.8 0.00863843
299.16 0.00861519
299.52 0.00858664
299.88 0.00855195
300.24 0.00850357
300.6 0.0084577
300.96 0.00840309
301.32 0.0083349
301.68 0.00826292
302.04 0.0081825
302.4 0.00810525
302.76 0.00801394
303.12 0.00791489
303.48 0.00781221
303.84 0.00770474
304.2 0.00758972
304.56 0.00746946
304.92 0.00734533
305.28 0.00721296
305.64 0.00708361
306 0.00694681
306.36 0.00680529
306.72 0.00666672
307.08 0.00652256
307.44 0.0063728
307.8 0.00622304
308.16 0.00607363
308.52 0.00592108
308.88 0.00576733
309.24 0.00561076
309.6 0.00546029
309.96 0.00530638
310.32 0.00514837
310.68 0.00499452
311.04 0.00484082
311.4 0.00468775
311.76 0.00453828
312.12 0.0043873
312.48 0.00424037
312.84 0.00409474
313.2 0.00394975
313.56 0.00380982
313.92 0.00367066
314.28 0.00352948
314.64 0.00339572
315 0.00326382
315.36 0.00313551
315.72 0.00301111
316.08 0.00289051
316.44 0.00277097
316.8 0.00265489
317.16 0.0025432
317.52 0.00243603
317.88 0.00232695
318.24 0.0022283
318.6 0.00212694
318.96 0.00203548
319.32 0.00194204
319.68 0.0018518
320.04 0.00176522
320.4 0.00168123
320.76 0.00160281
321.12 0.00152734
321.48 0.00145157
321.84 0.00138129
322.2 0.00131305
322.56 0.00124825
322.92 0.00118513
323.28 0.00112596
323.64 0.00106828
324 0.00101504
324.36 0.000961458
324.72 0.00091031
325.08 0.000862017
325.44 0.000817209
325.8 0.000774026
326.16 0.000732833
326.52 0.000695087
326.88 0.000655492
327.24 0.000621485
327.6 0.000587317
327.96 0.000556587
328.32 0.000525258
328.68 0.000495944
329.04 0.000469313
329.4 0.000443625
329.76 0.000420515
330.12 0.000396929
330.48 0.000374234
330.84 0.000354008
331.2 0.000334409
331.56 0.000315272
331.92 0.000297373
332.28 0.000281277
332.64 0.000266385
333 0.000251283
333.36 0.000237309
333.72 0.00022421
334.08 0.000212197
334.44 0.000201035
334.8 0.000190215
335.16 0.000179218
335.52 0.00017013
335.88 0.000160706
336.24 0.000152187
336.6 0.000144482
336.96 0.000135993
337.32 0.000128842
337.68 0.000121743
338.04 0.000115268
338.4 0.000109094
338.76 0.000103392
339.12 9.85974e-05
339.48 9.35763e-05
339.84 8.8641e-05
340.2 8.4157e-05
340.56 7.97149e-05
340.92 7.58081e-05
341.28 7.23036e-05
341.64 6.79327e-05
342 6.45565e-05
342.36 6.11934e-05
342.72 5.87244e-05
343.08 5.58594e-05
343.44 5.30147e-05
343.8 5.07629e-05
344.16 4.84069e-05
344.52 4.60486e-05
344.88 4.40367e-05
345.24 4.24306e-05
345.6 4.04879e-05
345.96 3.8822e-05
346.32 3.74133e-05
346.68 3.63315e-05
347.04 3.46579e-05
347.4 3.30407e-05
347.76 3.21373e-05
348.12 3.08532e-05
348.48 2.96313e-05
348.84 2.87296e-05
349.2 2.76793e-05
349.56 2.67157e-05
349.92 2.56851e-05
350.28 2.50826e-05
350.64 2.43563e-05
351 2.36038e-05
351.36 2.31756e-05
351.72 2.23843e-05
352.08 2.18119e-05
352.44 2.12488e-05
352.8 2.0626e-05
353.16 2.03074e-05
353.52 1.95808e-05
353.88 1.92844e-05
354.24 1.89787e-05
354.6 1.84983e-05
354.96 1.82503e-05
355.32 1.82327e-05
355.68 1.79117e-05
356.04 1.76243e-05
356.4 1.74455e-05
356.76 1.72809e-05
357.12 1.72937e-05
357.48 1.70007e-05
357.84 1.67362e-05
358.2 1.6484e-05
358.56 1.64194e-05
358.92 1.62962e-05
359.28 1.62073e-05
359.64 1.63429e-05
