0.0005 1.31319e-05 4.36857e-06 4.37021e-06 4.3931e-06 (count: 245000)
0.001 5.25224e-05 1.74726e-05 1.74792e-05 1.75707e-05 (count: 244999)
0.0015 0.000118156 3.93069e-05 3.93219e-05 3.95276e-05 (count: 244998)
0.002 0.000210008 6.98629e-05 6.98901e-05 7.02554e-05 (count: 244997)
0.0025 0.000328044 0.000109129 0.000109172 0.000109742 (count: 244996)
0.003 0.000472217 0.000157089 0.000157154 0.000157974 (count: 244995)
0.0035 0.000642473 0.000213725 0.000213817 0.000214931 (count: 244994)
0.004 0.000838747 0.000279015 0.00027914 0.000280592 (count: 244993)
0.0045 0.00106097 0.000352934 0.000353098 0.000354933 (count: 244992)
0.005 0.00130904 0.000435452 0.000435665 0.000437926 (count: 244991)
0.0055 0.00158289 0.000526539 0.000526809 0.000529539 (count: 244990)
0.006 0.00188239 0.000626158 0.000626497 0.000629737 (count: 244989)
0.0065 0.00220745 0.000734272 0.000734692 0.000738485 (count: 244988)
0.007 0.00255793 0.000850839 0.000851353 0.00085574 (count: 244987)
0.0075 0.00293371 0.000975814 0.000976439 0.000981459 (count: 244986)
0.008 0.00333465 0.00110915 0.0011099 0.0011156 (count: 244985)
0.0085 0.00376059 0.0012508 0.0012517 0.0012581 (count: 244984)
0.009 0.00421139 0.0014007 0.00140177 0.00140892 (count: 244983)
0.0095 0.00468686 0.0015588 0.00156006 0.001568 (count: 244982)
0.01 0.00518685 0.00172504 0.00172652 0.00173529 (count: 244981)
0.0105 0.00571116 0.00189936 0.00190109 0.00191071 (count: 244980)
0.011 0.00625961 0.0020817 0.0020837 0.00209421 (count: 244979)
0.0115 0.00683199 0.00227198 0.00227428 0.00228573 (count: 244978)
0.012 0.0074281 0.00247013 0.00247278 0.00248518 (count: 244977)
0.0125 0.00804722 0.00267633 0.00267858 0.00269231 (count: 9799)
0.025 0.0304231 0.0101049 0.0101366 0.0101816 (count: 9798)
0.0375 0.0627831 0.0208127 0.0209525 0.0210179 (count: 9797)
0.05 0.100237 0.0331541 0.0335238 0.0335588 (count: 9796)
0.0625 0.139077 0.0459039 0.0466292 0.0465437 (count: 9795)
0.075 0.177522 0.0585056 0.0596665 0.0593502 (count: 9794)
0.0875 0.215528 0.0709927 0.0725911 0.0719447 (count: 9793)
0.1 0.254033 0.083712 0.0856786 0.0846419 (count: 9792)
0.1125 0.294048 0.0969991 0.0992423 0.0978062 (count: 9791)
0.125 0.335978 0.110949 0.113415 0.111615 (count: 9790)
0.1375 0.37942 0.125372 0.128077 0.125971 (count: 9789)
0.15 0.423456 0.139931 0.142933 0.140591 (count: 9788)
0.1625 0.467216 0.154348 0.157679 0.155188 (count: 9787)
0.175 0.510353 0.168562 0.17215 0.169642 (count: 9786)
0.1875 0.553144 0.182725 0.186375 0.184045 (count: 9785)
0.2 0.596179 0.197076 0.2005 0.198604 (count: 9784)
0.2125 0.639863 0.211751 0.214637 0.213474 (count: 9783)
0.225 0.684052 0.226683 0.228748 0.228622 (count: 9782)
0.2375 0.728033 0.241608 0.242623 0.243803 (count: 9781)
0.25 0.770792 0.256174 0.255971 0.258647 (count: 9780)
0.2625 0.811421 0.270064 0.268546 0.272811 (count: 9779)
0.275 0.849466 0.283111 0.280246 0.28611 (count: 9778)
0.2875 0.885054 0.295333 0.291149 0.298571 (count: 9777)
0.3 0.918774 0.306905 0.301462 0.310407 (count: 9776)
0.3125 0.971818 0.316661 0.311183 0.343974 (count: 391)
0.625 1.43058 0.457752 0.456995 0.515833 (count: 390)
0.9375 1.43378 0.451312 0.460936 0.521532 (count: 389)
1.25 1.51102 0.46183 0.529033 0.520157 (count: 388)
1.5625 1.71204 0.521225 0.620913 0.569905 (count: 387)
1.875 1.82496 0.605283 0.629229 0.590453 (count: 386)
2.1875 1.88395 0.629194 0.6321 0.622652 (count: 385)
2.5 1.99813 0.612004 0.708474 0.677651 (count: 384)
2.8125 2.09457 0.615908 0.797272 0.681393 (count: 383)
3.125 2.20755 0.67063 0.863466 0.673453 (count: 382)
3.4375 2.32782 0.689344 0.903719 0.734754 (count: 381)
3.75 2.38348 0.702287 0.959507 0.721686 (count: 380)
4.0625 2.42118 0.715077 0.978806 0.727294 (count: 379)
4.375 2.52513 0.765777 1.01369 0.74567 (count: 378)
4.6875 2.58446 0.786644 1.03345 0.764367 (count: 377)
5 2.54818 0.73646 1.03611 0.775614 (count: 376)
5.3125 2.64848 0.746257 1.05544 0.846783 (count: 375)
5.625 2.69532 0.806174 1.05479 0.834349 (count: 374)
5.9375 2.6426 0.79444 1.08146 0.766694 (count: 373)
6.25 2.6516 0.785523 1.11419 0.751889 (count: 372)
6.5625 2.75162 0.783206 1.14759 0.820827 (count: 371)
6.875 2.90106 0.843704 1.19392 0.86344 (count: 370)
7.1875 2.9225 0.830042 1.19525 0.897212 (count: 369)
7.5 2.82935 0.787599 1.14467 0.897079 (count: 368)
7.8125 2.63061 0.678904 0.729024 1.22268 (count: 14)
15.625 2.55798 0.578575 1.01225 0.967162 (count: 13)
23.4375 2.49652 0.637 0.310056 1.54946 (count: 12)
31.25 2.87206 0.586716 0.601739 1.6836 (count: 11)
39.0625 3.39076 0.922078 1.31052 1.15816 (count: 10)
46.875 2.76701 0.722206 0.56755 1.47725 (count: 9)
54.6875 1.96046 0.966296 0.416055 0.578107 (count: 8)
62.5 3.62986 1.0117 1.27572 1.34244 (count: 7)
70.3125 2.91385 0.985202 0.972588 0.956058 (count: 6)
78.125 2.12768 0.990658 0.404682 0.732342 (count: 5)
85.9375 3.06754 1.4656 0.871315 0.730619 (count: 4)
93.75 2.14277 1.29479 0.774166 0.0738155 (count: 3)
101.562 0.297957 0.180929 0.022708 0.0943192 (count: 2)
109.375 1.756 1.4653 0.273504 0.017193 (count: 1)
