0.0005 1.55409e-08 -3.02014e-08 6.65335e-08 -2.07912e-08 (count: 245000)
0.001 6.26159e-08 -1.20627e-07 2.66274e-07 -8.3031e-08 (count: 244999)
0.0015 1.42719e-07 -2.70722e-07 5.99706e-07 -1.86265e-07 (count: 244998)
0.002 2.58432e-07 -4.79547e-07 1.06768e-06 -3.29699e-07 (count: 244997)
0.0025 4.13418e-07 -7.45781e-07 1.6714e-06 -5.12203e-07 (count: 244996)
0.003 6.12421e-07 -1.06772e-06 2.41245e-06 -7.32311e-07 (count: 244995)
0.0035 8.61257e-07 -1.44329e-06 3.29277e-06 -9.88222e-07 (count: 244994)
0.004 1.16681e-06 -1.87003e-06 4.31464e-06 -1.2778e-06 (count: 244993)
0.0045 1.53702e-06 -2.3451e-06 5.48071e-06 -1.59859e-06 (count: 244992)
0.005 1.98088e-06 -2.86531e-06 6.79399e-06 -1.9478e-06 (count: 244991)
0.0055 2.50842e-06 -3.42709e-06 8.25783e-06 -2.32231e-06 (count: 244990)
0.006 3.1307e-06 -4.02651e-06 9.87591e-06 -2.7187e-06 (count: 244989)
0.0065 3.85979e-06 -4.65927e-06 1.16523e-05 -3.13322e-06 (count: 244988)
0.007 4.70875e-06 -5.32073e-06 1.35913e-05 -3.56181e-06 (count: 244987)
0.0075 5.69165e-06 -6.0059e-06 1.56977e-05 -4.00011e-06 (count: 244986)
0.008 6.82351e-06 -6.70943e-06 1.79764e-05 -4.44345e-06 (count: 244985)
0.0085 8.12031e-06 -7.42567e-06 2.04329e-05 -4.88687e-06 (count: 244984)
0.009 9.59896e-06 -8.14859e-06 2.30727e-05 -5.32512e-06 (count: 244983)
0.0095 1.12773e-05 -8.87187e-06 2.59018e-05 -5.75267e-06 (count: 244982)
0.01 1.3174e-05 -9.58886e-06 2.89266e-05 -6.16371e-06 (count: 244981)
0.0105 1.53087e-05 -1.02926e-05 3.21535e-05 -6.55214e-06 (count: 244980)
0.011 1.77019e-05 -1.09758e-05 3.55893e-05 -6.91163e-06 (count: 244979)
0.0115 2.03747e-05 -1.1631e-05 3.92413e-05 -7.23557e-06 (count: 244978)
0.012 2.33494e-05 -1.22502e-05 4.31167e-05 -7.5171e-06 (count: 244977)
0.0125 2.66373e-05 -1.26413e-05 4.70266e-05 -7.74799e-06 (count: 9799)
0.025 0.000294059 1.60349e-05 0.000250842 2.71821e-05 (count: 9798)
0.0375 0.00125101 0.000246668 0.000760842 0.000243496 (count: 9797)
0.05 0.0033599 0.00084841 0.00172867 0.000782824 (count: 9796)
0.0625 0.00689094 0.0019263 0.00323927 0.00172536 (count: 9795)
0.075 0.0118447 0.00349269 0.00528582 0.00306616 (count: 9794)
0.0875 0.0179889 0.00547943 0.00778124 0.00472826 (count: 9793)
0.1 0.0249541 0.00777073 0.0105885 0.00659485 (count: 9792)
0.1125 0.0323352 0.010238 0.0135538 0.00854332 (count: 9791)
0.125 0.0397725 0.0127686 0.0165333 0.0104706 (count: 9790)
0.1375 0.0469983 0.0152821 0.01941 0.0123062 (count: 9789)
0.15 0.0538521 0.0177333 0.0221046 0.0140142 (count: 9788)
0.1625 0.0602723 0.0201057 0.0245781 0.0155885 (count: 9787)
0.175 0.0662727 0.0224 0.0268282 0.0170445 (count: 9786)
0.1875 0.0719098 0.0246206 0.0288779 0.0184114 (count: 9785)
0.2 0.0772556 0.0267698 0.0307612 0.0197247 (count: 9784)
0.2125 0.0823796 0.0288482 0.0325126 0.0210188 (count: 9783)
0.225 0.0873403 0.0308606 0.0341609 0.0223189 (count: 9782)
0.2375 0.0921779 0.0328213 0.0357247 0.0236319 (count: 9781)
0.25 0.0968927 0.0347441 0.0372057 0.0249429 (count: 9780)
0.2625 0.101431 0.036628 0.0385848 0.0262183 (count: 9779)
0.275 0.105693 0.0384546 0.0398267 0.0274113 (count: 9778)
0.2875 0.109555 0.0401909 0.0408924 0.0284716 (count: 9777)
0.3 0.112906 0.0417944 0.0417535 0.0293578 (count: 9776)
0.3125 0.131504 0.0397995 0.0456414 0.0460631 (count: 391)
0.625 0.129841 0.0449064 0.0439894 0.0409454 (count: 390)
0.9375 0.0753497 0.0334964 0.0238045 0.0180488 (count: 389)
1.25 0.072024 0.0393632 0.0240545 0.0086063 (count: 388)
1.5625 0.110764 0.0565886 0.0318534 0.0223218 (count: 387)
1.875 0.1409 0.0788038 0.0288226 0.0332733 (count: 386)
2.1875 0.153437 0.0851163 0.0249202 0.0434002 (count: 385)
2.5 0.162791 0.0781161 0.0359086 0.0487661 (count: 384)
2.8125 0.15096 0.0690656 0.0421655 0.0397289 (count: 383)
3.125 0.150688 0.0757422 0.0447802 0.0301651 (count: 382)
3.4375 0.17705 0.0855932 0.0453358 0.0461209 (count: 381)
3.75 0.171801 0.0810262 0.0472105 0.0435648 (count: 380)
4.0625 0.166921 0.0821151 0.0369547 0.0478515 (count: 379)
4.375 0.190508 0.0938817 0.042757 0.0538693 (count: 378)
4.6875 0.191224 0.102734 0.0359235 0.0525661 (count: 377)
5 0.14176 0.0789368 0.0240942 0.0387295 (count: 376)
5.3125 0.163377 0.0772547 0.0331825 0.05294 (count: 375)
5.625 0.185251 0.0959951 0.0296034 0.0596529 (count: 374)
5.9375 0.183228 0.0952566 0.0390175 0.0489542 (count: 373)
6.25 0.183434 0.0872476 0.0494258 0.0467603 (count: 372)
6.5625 0.191819 0.0823582 0.0562285 0.0532324 (count: 371)
6.875 0.218897 0.103708 0.0651775 0.0500116 (count: 370)
7.1875 0.211558 0.104268 0.0613823 0.0459075 (count: 369)
7.5 0.173578 0.0775348 0.0462917 0.0497512 (count: 368)
7.8125 0.215009 -0.0301684 0.132256 0.112922 (count: 14)
15.625 -0.070667 -0.178242 0.148531 -0.0409557 (count: 13)
23.4375 0.160851 -0.0860905 -0.0617124 0.308654 (count: 12)
31.25 0.400432 0.0579883 0.0218706 0.320574 (count: 11)
39.0625 0.375104 0.178857 0.151388 0.0448599 (count: 10)
46.875 -0.289836 -0.21681 -0.0643129 -0.00871323 (count: 9)
54.6875 -0.381619 -0.0302464 -0.0503752 -0.300997 (count: 8)
62.5 0.164863 0.115236 0.0696182 -0.019991 (count: 7)
70.3125 0.0230074 0.284954 -0.0715592 -0.190387 (count: 6)
78.125 -0.699168 -0.0184898 -0.214932 -0.465746 (count: 5)
85.9375 -0.385238 0.200417 -0.0793454 -0.506309 (count: 4)
93.75 -1.04397 -0.146721 -0.125003 -0.772248 (count: 3)
101.562 -0.791458 -0.324537 -0.00037754 -0.466544 (count: 2)
109.375 0.409666 0.442961 0.09429 -0.127585 (count: 1)
