0.0005 1.63028e-05 5.4497e-06 5.43426e-06 5.41883e-06 (count: 2.352e+07)
0.001 6.52015e-05 2.17956e-05 2.17338e-05 2.16721e-05 (count: 2.35199e+07)
0.0015 0.000146667 4.9028e-05 4.88888e-05 4.87505e-05 (count: 2.35198e+07)
0.002 0.000260652 8.71308e-05 8.68831e-05 8.66381e-05 (count: 2.35197e+07)
0.0025 0.000407088 0.000136081 0.000135694 0.000135313 (count: 2.35196e+07)
0.003 0.00058589 0.000195851 0.000195292 0.000194746 (count: 2.35195e+07)
0.0035 0.000796951 0.000266404 0.000265642 0.000264904 (count: 2.35194e+07)
0.004 0.00104015 0.0003477 0.000346702 0.000345746 (count: 2.35193e+07)
0.0045 0.00131534 0.000439689 0.000438423 0.000437224 (count: 2.35192e+07)
0.005 0.00162236 0.000542318 0.000540752 0.000539285 (count: 2.35191e+07)
0.0055 0.00196103 0.000655527 0.000653627 0.000651871 (count: 2.3519e+07)
0.006 0.00233115 0.00077925 0.00077698 0.000774917 (count: 2.35189e+07)
0.0065 0.0027325 0.000913412 0.000910741 0.00090835 (count: 2.35188e+07)
0.007 0.00316486 0.00105794 0.00105483 0.0010521 (count: 2.35188e+07)
0.0075 0.00362797 0.00121274 0.00120916 0.00120607 (count: 2.35187e+07)
0.008 0.00412155 0.00137773 0.00137364 0.00137018 (count: 2.35186e+07)
0.0085 0.00464533 0.00155281 0.00154817 0.00154435 (count: 2.35185e+07)
0.009 0.005199 0.00173789 0.00173266 0.00172845 (count: 2.35184e+07)
0.0095 0.00578224 0.00193284 0.00192699 0.0019224 (count: 2.35183e+07)
0.01 0.00639471 0.00213757 0.00213106 0.00212609 (count: 2.35182e+07)
0.0105 0.00703607 0.00235195 0.00234473 0.00233939 (count: 2.35181e+07)
0.011 0.00770594 0.00257586 0.0025679 0.00256218 (count: 2.3518e+07)
0.0115 0.00840395 0.00280917 0.00280043 0.00279435 (count: 2.35179e+07)
0.012 0.00912969 0.00305175 0.00304218 0.00303576 (count: 2.35178e+07)
0.0125 0.00988271 0.00330344 0.00329299 0.00328629 (count: 940704)
0.025 0.0361434 0.01208 0.0120298 0.0120335 (count: 940608)
0.0375 0.0704916 0.0235586 0.0234171 0.0235159 (count: 940512)
0.05 0.103791 0.0346935 0.0343814 0.0347164 (count: 940416)
0.0625 0.129576 0.0433423 0.0427554 0.0434782 (count: 940320)
0.075 0.145583 0.0487746 0.0477914 0.0490169 (count: 940224)
0.0875 0.153328 0.0515221 0.0500106 0.0517955 (count: 940128)
0.1 0.156436 0.0528084 0.0506383 0.052989 (count: 940032)
0.1125 0.15862 0.053864 0.0509295 0.0538266 (count: 939936)
0.125 0.162138 0.0554063 0.0516589 0.0550731 (count: 939840)
0.1375 0.167256 0.05747 0.052949 0.0568365 (count: 939744)
0.15 0.172802 0.0596117 0.0544528 0.0587377 (count: 939648)
0.1625 0.17737 0.0613286 0.0557355 0.0603059 (count: 939552)
0.175 0.180408 0.062434 0.0566189 0.0613555 (count: 939456)
0.1875 0.182607 0.0631829 0.0572989 0.0621251 (count: 939360)
0.2 0.185417 0.0640981 0.0582021 0.0631172 (count: 939264)
0.2125 0.190105 0.0656347 0.0597025 0.0647676 (count: 939168)
0.225 0.196964 0.0679059 0.0618891 0.0671686 (count: 939072)
0.2375 0.205147 0.0706258 0.0645124 0.0700084 (count: 938976)
0.25 0.213101 0.0732653 0.0671074 0.0727285 (count: 938880)
0.2625 0.219294 0.0753027 0.069205 0.0747867 (count: 938784)
0.275 0.222846 0.076438 0.070523 0.0758849 (count: 938688)
0.2875 0.223825 0.0766921 0.0710601 0.0760726 (count: 938592)
0.3 0.223135 0.0763706 0.0710662 0.0756984 (count: 938496)
0.3125 0.219439 0.0745714 0.0697802 0.075087 (count: 37536)
0.625 0.248887 0.083988 0.0789956 0.0859031 (count: 37440)
0.9375 0.265806 0.0905611 0.0823765 0.0928686 (count: 37344)
1.25 0.288148 0.0983796 0.0893255 0.100443 (count: 37248)
1.5625 0.302415 0.10337 0.0931576 0.105888 (count: 37152)
1.875 0.313012 0.107639 0.0960015 0.109372 (count: 37056)
2.1875 0.324894 0.112114 0.100509 0.112271 (count: 36960)
2.5 0.331996 0.114068 0.101792 0.116135 (count: 36864)
2.8125 0.340532 0.116182 0.104705 0.119645 (count: 36768)
3.125 0.346795 0.118406 0.107213 0.121176 (count: 36672)
3.4375 0.350306 0.119149 0.106445 0.124712 (count: 36576)
3.75 0.356995 0.122339 0.108025 0.126632 (count: 36480)
4.0625 0.364197 0.124495 0.110186 0.129517 (count: 36384)
4.375 0.365887 0.125222 0.110938 0.129726 (count: 36288)
4.6875 0.372131 0.12741 0.112519 0.132201 (count: 36192)
5 0.378942 0.129792 0.114852 0.134297 (count: 36096)
5.3125 0.382693 0.131872 0.115851 0.13497 (count: 36000)
5.625 0.389671 0.133274 0.118232 0.138165 (count: 35904)
5.9375 0.393996 0.135144 0.120785 0.138066 (count: 35808)
6.25 0.396578 0.136769 0.12039 0.139419 (count: 35712)
6.5625 0.400637 0.137312 0.121628 0.141697 (count: 35616)
6.875 0.406146 0.139162 0.124758 0.142226 (count: 35520)
7.1875 0.409109 0.141265 0.125658 0.142187 (count: 35424)
7.5 0.41518 0.1438 0.126759 0.14462 (count: 35328)
7.8125 0.433445 0.15937 0.117548 0.156528 (count: 1344)
15.625 0.506091 0.164363 0.139534 0.202194 (count: 1248)
23.4375 0.585113 0.192181 0.165742 0.22719 (count: 1152)
31.25 0.634924 0.220879 0.17416 0.239884 (count: 1056)
39.0625 0.673992 0.232941 0.179029 0.262022 (count: 960)
46.875 0.74207 0.261566 0.201863 0.278642 (count: 864)
54.6875 0.830773 0.276309 0.21574 0.338724 (count: 768)
62.5 0.870285 0.291731 0.222771 0.355782 (count: 672)
70.3125 0.954038 0.324243 0.232032 0.397763 (count: 576)
78.125 0.992705 0.354234 0.25048 0.387991 (count: 480)
85.9375 1.00315 0.384737 0.229146 0.38927 (count: 384)
93.75 1.12425 0.465074 0.252598 0.406579 (count: 288)
101.562 1.1823 0.421912 0.298547 0.461844 (count: 192)
109.375 1.14454 0.535945 0.286128 0.322463 (count: 96)
