0.0005 4.4037e-06 4.41514e-06 4.3887e-06 4.40725e-06 (count: 3.92e+07)
0.001 1.76127e-05 1.76585e-05 1.75528e-05 1.7627e-05 (count: 3.91998e+07)
0.0015 3.9621e-05 3.97239e-05 3.94861e-05 3.96531e-05 (count: 3.91997e+07)
0.002 7.04183e-05 7.06011e-05 7.01784e-05 7.04754e-05 (count: 3.91995e+07)
0.0025 0.00010999 0.000110276 0.000109616 0.00011008 (count: 3.91994e+07)
0.003 0.000158319 0.000158729 0.000157779 0.000158448 (count: 3.91992e+07)
0.0035 0.000215382 0.00021594 0.000214647 0.000215559 (count: 3.9199e+07)
0.004 0.000281152 0.00028188 0.000280192 0.000281385 (count: 3.91989e+07)
0.0045 0.0003556 0.000356519 0.000354385 0.000355896 (count: 3.91987e+07)
0.005 0.000438691 0.000439824 0.000437191 0.000439059 (count: 3.91986e+07)
0.0055 0.000530388 0.000531755 0.000528573 0.000530836 (count: 3.91984e+07)
0.006 0.000630647 0.00063227 0.000628487 0.000631184 (count: 3.91982e+07)
0.0065 0.000739423 0.000741322 0.000736888 0.000740059 (count: 3.91981e+07)
0.007 0.000856667 0.000858863 0.000853727 0.000857411 (count: 3.91979e+07)
0.0075 0.000982325 0.000984838 0.000978949 0.000983187 (count: 3.91978e+07)
0.008 0.00111634 0.00111919 0.0011125 0.00111733 (count: 3.91976e+07)
0.0085 0.00125865 0.00126186 0.00125431 0.00125978 (count: 3.91974e+07)
0.009 0.00140919 0.00141277 0.00140433 0.00141047 (count: 3.91973e+07)
0.0095 0.0015679 0.00157187 0.00156248 0.00156934 (count: 3.91971e+07)
0.01 0.0017347 0.00173908 0.0017287 0.00173632 (count: 3.9197e+07)
0.0105 0.00190952 0.00191433 0.0019029 0.00191132 (count: 3.91968e+07)
0.011 0.00209228 0.00209753 0.00208501 0.00209428 (count: 3.91966e+07)
0.0115 0.00228289 0.00228861 0.00227496 0.00228512 (count: 3.91965e+07)
0.012 0.00248129 0.00248748 0.00247264 0.00248374 (count: 3.91963e+07)
0.0125 0.00268737 0.00269408 0.00267798 0.00269005 (count: 1.56784e+06)
0.025 0.0100307 0.0100527 0.00999312 0.0100462 (count: 1.56768e+06)
0.0375 0.0202642 0.0203012 0.0201794 0.0203118 (count: 1.56752e+06)
0.05 0.0314213 0.031471 0.0312693 0.0315234 (count: 1.56736e+06)
0.0625 0.042069 0.0421408 0.0418275 0.0422388 (count: 1.5672e+06)
0.075 0.0516301 0.0517558 0.0512728 0.0518616 (count: 1.56704e+06)
0.0875 0.0602947 0.0605283 0.0597923 0.0605635 (count: 1.56688e+06)
0.1 0.0686744 0.0690786 0.0679962 0.0689483 (count: 1.56672e+06)
0.1125 0.077389 0.0780163 0.0765068 0.077644 (count: 1.56656e+06)
0.125 0.0867595 0.0876395 0.0856479 0.0869912 (count: 1.5664e+06)
0.1375 0.0967131 0.0978555 0.0953445 0.0969394 (count: 1.56624e+06)
0.15 0.106906 0.108313 0.105242 0.107163 (count: 1.56608e+06)
0.1625 0.116965 0.118639 0.114956 0.1173 (count: 1.56592e+06)
0.175 0.126701 0.128645 0.124293 0.127165 (count: 1.56576e+06)
0.1875 0.136175 0.138373 0.133331 0.136819 (count: 1.5656e+06)
0.2 0.145597 0.148005 0.142318 0.146467 (count: 1.56544e+06)
0.2125 0.155144 0.157697 0.151464 0.156272 (count: 1.56528e+06)
0.225 0.164815 0.16745 0.160782 0.166211 (count: 1.56512e+06)
0.2375 0.174406 0.177095 0.170066 0.176058 (count: 1.56496e+06)
0.25 0.183615 0.18637 0.178986 0.185488 (count: 1.5648e+06)
0.2625 0.192179 0.195044 0.18726 0.194232 (count: 1.56464e+06)
0.275 0.199992 0.203019 0.194769 0.202189 (count: 1.56448e+06)
0.2875 0.207142 0.21036 0.2016 0.209465 (count: 1.56432e+06)
0.3 0.213857 0.217269 0.207993 0.216309 (count: 1.56416e+06)
0.3125 0.221135 0.224509 0.214742 0.224153 (count: 62560)
0.625 0.347511 0.353791 0.337762 0.350979 (count: 62400)
0.9375 0.423475 0.430806 0.410919 0.428702 (count: 62240)
1.25 0.492398 0.498864 0.478587 0.499743 (count: 62080)
1.5625 0.554875 0.560405 0.539674 0.564545 (count: 61920)
1.875 0.610889 0.614312 0.594477 0.623879 (count: 61760)
2.1875 0.66358 0.664903 0.645093 0.680744 (count: 61600)
2.5 0.714561 0.715607 0.697094 0.730983 (count: 61440)
2.8125 0.762584 0.765489 0.746303 0.77596 (count: 61280)
3.125 0.811165 0.816601 0.793229 0.823666 (count: 61120)
3.4375 0.85547 0.86051 0.841336 0.864566 (count: 60960)
3.75 0.896021 0.901618 0.884204 0.902241 (count: 60800)
4.0625 0.938829 0.946433 0.928903 0.941151 (count: 60640)
4.375 0.98187 0.993202 0.974727 0.977681 (count: 60480)
4.6875 1.02184 1.0335 1.0179 1.01412 (count: 60320)
5 1.06164 1.07088 1.06028 1.05376 (count: 60160)
5.3125 1.10029 1.10752 1.10202 1.09135 (count: 60000)
5.625 1.1367 1.14338 1.14344 1.1233 (count: 59840)
5.9375 1.17016 1.17503 1.17989 1.15557 (count: 59680)
6.25 1.20642 1.21113 1.22026 1.18786 (count: 59520)
6.5625 1.24183 1.24339 1.26382 1.21829 (count: 59360)
6.875 1.27427 1.27558 1.29858 1.24864 (count: 59200)
7.1875 1.30656 1.30417 1.33173 1.28377 (count: 59040)
7.5 1.33989 1.33476 1.36744 1.31748 (count: 58880)
7.8125 1.37872 1.36122 1.40718 1.36777 (count: 2240)
15.625 2.05283 2.00286 2.0993 2.05634 (count: 2080)
23.4375 2.60251 2.55192 2.59143 2.66416 (count: 1920)
31.25 3.04264 2.9119 3.05674 3.15928 (count: 1760)
39.0625 3.32801 3.14086 3.33981 3.50336 (count: 1600)
46.875 3.54584 3.32393 3.39216 3.92141 (count: 1440)
54.6875 3.69125 3.39515 3.49042 4.18818 (count: 1280)
62.5 3.85353 3.59008 3.62462 4.3459 (count: 1120)
70.3125 3.83555 3.39679 3.68178 4.42807 (count: 960)
78.125 3.9055 3.53498 3.81233 4.36918 (count: 800)
85.9375 3.9265 3.60783 3.8888 4.28288 (count: 640)
93.75 3.90576 3.59515 3.82373 4.2984 (count: 480)
101.562 3.86349 3.62704 3.80368 4.15975 (count: 320)
109.375 3.58518 3.07649 3.49946 4.1796 (count: 160)
