0.0005 2.33114e-08 -4.53021e-08 9.98003e-08 -3.11868e-08 (count: 245000)
0.001 9.39239e-08 -1.80941e-07 3.99411e-07 -1.24546e-07 (count: 244999)
0.0015 2.14079e-07 -4.06083e-07 8.99559e-07 -2.79397e-07 (count: 244998)
0.002 3.87648e-07 -7.1932e-07 1.60152e-06 -4.94548e-07 (count: 244997)
0.0025 6.20127e-07 -1.11867e-06 2.5071e-06 -7.68305e-07 (count: 244996)
0.003 9.18631e-07 -1.60158e-06 3.61868e-06 -1.09847e-06 (count: 244995)
0.0035 1.29189e-06 -2.16493e-06 4.93915e-06 -1.48233e-06 (count: 244994)
0.004 1.75021e-06 -2.80504e-06 6.47196e-06 -1.9167e-06 (count: 244993)
0.0045 2.30553e-06 -3.51765e-06 8.22107e-06 -2.39789e-06 (count: 244992)
0.005 2.97132e-06 -4.29797e-06 1.0191e-05 -2.9217e-06 (count: 244991)
0.0055 3.76264e-06 -5.14064e-06 1.23867e-05 -3.48347e-06 (count: 244990)
0.006 4.69605e-06 -6.03976e-06 1.48139e-05 -4.07806e-06 (count: 244989)
0.0065 5.78968e-06 -6.9889e-06 1.74784e-05 -4.69983e-06 (count: 244988)
0.007 7.06313e-06 -7.98109e-06 2.03869e-05 -5.34272e-06 (count: 244987)
0.0075 8.53748e-06 -9.00884e-06 2.35465e-05 -6.00017e-06 (count: 244986)
0.008 1.02353e-05 -1.00641e-05 2.69646e-05 -6.66518e-06 (count: 244985)
0.0085 1.21805e-05 -1.11385e-05 3.06493e-05 -7.33031e-06 (count: 244984)
0.009 1.43984e-05 -1.22229e-05 3.4609e-05 -7.98769e-06 (count: 244983)
0.0095 1.69159e-05 -1.33078e-05 3.88528e-05 -8.62901e-06 (count: 244982)
0.01 1.9761e-05 -1.43833e-05 4.33899e-05 -9.24556e-06 (count: 244981)
0.0105 2.29631e-05 -1.54389e-05 4.82302e-05 -9.82821e-06 (count: 244980)
0.011 2.65528e-05 -1.64637e-05 5.3384e-05 -1.03674e-05 (count: 244979)
0.0115 3.05621e-05 -1.74465e-05 5.88619e-05 -1.08533e-05 (count: 244978)
0.012 3.50241e-05 -1.83753e-05 6.46751e-05 -1.12757e-05 (count: 244977)
0.0125 3.9956e-05 -1.89619e-05 7.05398e-05 -1.1622e-05 (count: 9799)
0.025 0.000441088 2.40524e-05 0.000376263 4.07731e-05 (count: 9798)
0.0375 0.00187651 0.000370002 0.00114126 0.000365243 (count: 9797)
0.05 0.00503985 0.00127261 0.002593 0.00117424 (count: 9796)
0.0625 0.0103364 0.00288946 0.00485891 0.00258804 (count: 9795)
0.075 0.017767 0.00523903 0.00792872 0.00459924 (count: 9794)
0.0875 0.0269834 0.00821914 0.0116719 0.00709238 (count: 9793)
0.1 0.0374311 0.0116561 0.0158827 0.00989227 (count: 9792)
0.1125 0.0485028 0.0153571 0.0203308 0.012815 (count: 9791)
0.125 0.0596588 0.019153 0.0247999 0.0157059 (count: 9790)
0.1375 0.0704975 0.0229232 0.029115 0.0184593 (count: 9789)
0.15 0.0807781 0.0265999 0.0331568 0.0210214 (count: 9788)
0.1625 0.0904085 0.0301586 0.0368671 0.0233828 (count: 9787)
0.175 0.0994091 0.0336 0.0402423 0.0255667 (count: 9786)
0.1875 0.107865 0.0369308 0.0433168 0.027617 (count: 9785)
0.2 0.115883 0.0401546 0.0461418 0.029587 (count: 9784)
0.2125 0.123569 0.0432724 0.0487689 0.0315281 (count: 9783)
0.225 0.13101 0.0462909 0.0512413 0.0334783 (count: 9782)
0.2375 0.138267 0.0492319 0.053587 0.0354479 (count: 9781)
0.25 0.145339 0.0521161 0.0558086 0.0374144 (count: 9780)
0.2625 0.152147 0.054942 0.0578772 0.0393274 (count: 9779)
0.275 0.158539 0.0576819 0.05974 0.041117 (count: 9778)
0.2875 0.164332 0.0602863 0.0613385 0.0427074 (count: 9777)
0.3 0.169359 0.0626916 0.0626303 0.0440368 (count: 9776)
0.3125 0.197256 0.0596992 0.0684621 0.0690946 (count: 391)
0.625 0.194762 0.0673596 0.065984 0.0614181 (count: 390)
0.9375 0.113025 0.0502445 0.0357068 0.0270732 (count: 389)
1.25 0.108036 0.0590448 0.0360818 0.0129094 (count: 388)
1.5625 0.166146 0.0848829 0.0477801 0.0334826 (count: 387)
1.875 0.21135 0.118206 0.043234 0.0499099 (count: 386)
2.1875 0.230155 0.127674 0.0373804 0.0651003 (count: 385)
2.5 0.244186 0.117174 0.0538629 0.0731492 (count: 384)
2.8125 0.22644 0.103598 0.0632483 0.0595933 (count: 383)
3.125 0.226031 0.113613 0.0671703 0.0452477 (count: 382)
3.4375 0.265575 0.12839 0.0680038 0.0691814 (count: 381)
3.75 0.257702 0.121539 0.0708157 0.0653472 (count: 380)
4.0625 0.250382 0.123173 0.055432 0.0717773 (count: 379)
4.375 0.285762 0.140823 0.0641355 0.0808039 (count: 378)
4.6875 0.286835 0.154101 0.0538853 0.0788492 (count: 377)
5 0.212641 0.118405 0.0361414 0.0580942 (count: 376)
5.3125 0.245066 0.115882 0.0497737 0.07941 (count: 375)
5.625 0.277877 0.143993 0.044405 0.0894793 (count: 374)
5.9375 0.274842 0.142885 0.0585262 0.0734312 (count: 373)
6.25 0.275151 0.130871 0.0741387 0.0701405 (count: 372)
6.5625 0.287729 0.123537 0.0843427 0.0798486 (count: 371)
6.875 0.328346 0.155562 0.0977662 0.0750174 (count: 370)
7.1875 0.317337 0.156402 0.0920735 0.0688613 (count: 369)
7.5 0.260366 0.116302 0.0694375 0.0746268 (count: 368)
7.8125 0.322514 -0.0452526 0.198384 0.169382 (count: 14)
15.625 -0.106 -0.267363 0.222796 -0.0614336 (count: 13)
23.4375 0.241276 -0.129136 -0.0925686 0.462981 (count: 12)
31.25 0.600649 0.0869825 0.0328058 0.48086 (count: 11)
39.0625 0.562657 0.268285 0.227082 0.0672898 (count: 10)
46.875 -0.434754 -0.325215 -0.0964693 -0.0130698 (count: 9)
54.6875 -0.572428 -0.0453696 -0.0755628 -0.451496 (count: 8)
62.5 0.247295 0.172854 0.104427 -0.0299866 (count: 7)
70.3125 0.0345111 0.42743 -0.107339 -0.285581 (count: 6)
78.125 -1.04875 -0.0277347 -0.322398 -0.698619 (count: 5)
85.9375 -0.577857 0.300625 -0.119018 -0.759464 (count: 4)
93.75 -1.56596 -0.220082 -0.187505 -1.15837 (count: 3)
101.562 -1.18719 -0.486805 -0.00056631 -0.699816 (count: 2)
109.375 0.614499 0.664442 0.141435 -0.191378 (count: 1)
