0.0005 8.50171e-06 2.83221e-06 2.82224e-06 2.84725e-06 (count: 1.568e+07)
0.001 3.40061e-05 1.13286e-05 1.12887e-05 1.13888e-05 (count: 1.56799e+07)
0.0015 7.65111e-05 2.54885e-05 2.53987e-05 2.56239e-05 (count: 1.56799e+07)
0.002 0.000136013 4.53106e-05 4.5151e-05 4.55514e-05 (count: 1.56798e+07)
0.0025 0.000212507 7.07933e-05 7.0544e-05 7.11696e-05 (count: 1.56797e+07)
0.003 0.000305986 0.000101934 0.000101575 0.000102476 (count: 1.56797e+07)
0.0035 0.000416443 0.000138731 0.000138243 0.000139469 (count: 1.56796e+07)
0.004 0.000543869 0.000181181 0.000180543 0.000182146 (count: 1.56796e+07)
0.0045 0.000688252 0.00022928 0.000228472 0.000230501 (count: 1.56795e+07)
0.005 0.000849582 0.000283024 0.000282026 0.000284532 (count: 1.56794e+07)
0.0055 0.00102784 0.000342408 0.0003412 0.000344235 (count: 1.56794e+07)
0.006 0.00122302 0.000407428 0.00040599 0.000409603 (count: 1.56793e+07)
0.0065 0.0014351 0.000478079 0.00047639 0.000480633 (count: 1.56792e+07)
0.007 0.00166407 0.000554354 0.000552395 0.000557318 (count: 1.56792e+07)
0.0075 0.0019099 0.000636246 0.000633997 0.000639652 (count: 1.56791e+07)
0.008 0.00217257 0.000723751 0.000721189 0.000727628 (count: 1.5679e+07)
0.0085 0.00245206 0.000816859 0.000813966 0.00082124 (count: 1.5679e+07)
0.009 0.00274836 0.000915564 0.000912318 0.00092048 (count: 1.56789e+07)
0.0095 0.00306143 0.00101986 0.00101624 0.00102534 (count: 1.56788e+07)
0.01 0.00339126 0.00112973 0.00112572 0.00113581 (count: 1.56788e+07)
0.0105 0.0037378 0.00124517 0.00124075 0.00125188 (count: 1.56787e+07)
0.011 0.00410104 0.00136618 0.00136132 0.00137355 (count: 1.56787e+07)
0.0115 0.00448095 0.00149274 0.00148742 0.0015008 (count: 1.56786e+07)
0.012 0.0048775 0.00162483 0.00161904 0.00163363 (count: 1.56785e+07)
0.0125 0.00529064 0.00176245 0.00175618 0.00177201 (count: 627136)
0.025 0.0209003 0.00696215 0.00693622 0.0070019 (count: 627072)
0.0375 0.0461223 0.0153632 0.0153018 0.0154573 (count: 627008)
0.05 0.0799784 0.0266391 0.0265232 0.026816 (count: 626944)
0.0625 0.121378 0.0404263 0.0402337 0.0407185 (count: 626880)
0.075 0.169225 0.0563589 0.056064 0.0568019 (count: 626816)
0.0875 0.222464 0.0740857 0.07366 0.0747183 (count: 626752)
0.1 0.280104 0.0932762 0.092688 0.0941395 (count: 626688)
0.1125 0.341211 0.11362 0.112834 0.114757 (count: 626624)
0.125 0.404911 0.134824 0.133805 0.136281 (count: 626560)
0.1375 0.470382 0.156617 0.155326 0.15844 (count: 626496)
0.15 0.536871 0.178746 0.177144 0.18098 (count: 626432)
0.1625 0.603695 0.200987 0.199033 0.203675 (count: 626368)
0.175 0.670262 0.223142 0.220796 0.226324 (count: 626304)
0.1875 0.736076 0.245046 0.24227 0.24876 (count: 626240)
0.2 0.800738 0.26657 0.263324 0.270845 (count: 626176)
0.2125 0.863948 0.287614 0.28386 0.292474 (count: 626112)
0.225 0.925491 0.308108 0.303811 0.313572 (count: 626048)
0.2375 0.985231 0.328007 0.323136 0.334088 (count: 625984)
0.25 1.0431 0.347291 0.341816 0.353995 (count: 625920)
0.2625 1.09909 0.365956 0.359852 0.373285 (count: 625856)
0.275 1.15324 0.384014 0.377261 0.391961 (count: 625792)
0.2875 1.2056 0.40149 0.394068 0.410039 (count: 625728)
0.3 1.25626 0.41841 0.410305 0.427541 (count: 625664)
0.3125 1.30847 0.43733 0.425641 0.445497 (count: 25024)
0.625 2.18771 0.737091 0.708975 0.741647 (count: 24960)
0.9375 2.71495 0.913798 0.881487 0.919661 (count: 24896)
1.25 3.18084 1.06338 1.03852 1.07894 (count: 24832)
1.5625 3.60999 1.20349 1.1788 1.2277 (count: 24768)
1.875 3.99094 1.32548 1.30593 1.35953 (count: 24704)
2.1875 4.34919 1.44085 1.42129 1.48706 (count: 24640)
2.5 4.70116 1.55908 1.54285 1.59922 (count: 24576)
2.8125 5.02997 1.67047 1.65849 1.70101 (count: 24512)
3.125 5.36013 1.78446 1.7682 1.80747 (count: 24448)
3.4375 5.66206 1.88529 1.87878 1.89798 (count: 24384)
3.75 5.93469 1.97625 1.97683 1.98161 (count: 24320)
4.0625 6.23003 2.07908 2.08294 2.06802 (count: 24256)
4.375 6.52763 2.18707 2.18944 2.15112 (count: 24192)
4.6875 6.80857 2.28268 2.2922 2.2337 (count: 24128)
5 7.08802 2.37098 2.39063 2.32641 (count: 24064)
5.3125 7.35583 2.45838 2.48708 2.41037 (count: 24000)
5.625 7.60966 2.54451 2.58259 2.48256 (count: 23936)
5.9375 7.84543 2.62361 2.66784 2.55398 (count: 23872)
6.25 8.09887 2.7108 2.76084 2.62723 (count: 23808)
6.5625 8.34655 2.79125 2.85979 2.6955 (count: 23744)
6.875 8.57277 2.86792 2.94 2.76485 (count: 23680)
7.1875 8.80916 2.94058 3.01832 2.85026 (count: 23616)
7.5 9.04003 3.01465 3.0988 2.92658 (count: 23552)
7.8125 9.40288 3.11816 3.18267 3.10205 (count: 896)
15.625 14.1588 4.67271 4.83031 4.65577 (count: 832)
23.4375 18.1868 6.01629 6.10639 6.06412 (count: 768)
31.25 21.3442 6.90077 7.20857 7.23487 (count: 704)
39.0625 23.1688 7.36881 7.84284 7.95717 (count: 640)
46.875 24.6632 7.80486 8.00689 8.85149 (count: 576)
54.6875 25.5499 7.9653 8.27583 9.30879 (count: 512)
62.5 26.5461 8.40546 8.48061 9.66007 (count: 448)
70.3125 26.4015 7.87667 8.68435 9.84044 (count: 384)
78.125 26.9331 8.20156 9.03882 9.69268 (count: 320)
85.9375 27.0033 8.37251 9.20648 9.4243 (count: 256)
93.75 27.1498 8.4827 9.18187 9.48525 (count: 192)
101.562 26.6753 8.38638 9.10317 9.18573 (count: 128)
109.375 24.7305 7.28578 8.39514 9.04962 (count: 64)
