0.0005 1.61551e-05 5.51397e-06 5.27836e-06 5.36282e-06 (count: 245000)
0.001 6.46115e-05 2.20528e-05 2.11105e-05 2.14482e-05 (count: 244999)
0.0015 0.000145342 4.96074e-05 4.74875e-05 4.82471e-05 (count: 244998)
0.002 0.000258301 8.81622e-05 8.43947e-05 8.57445e-05 (count: 244997)
0.0025 0.000403427 0.000137696 0.000131811 0.000133919 (count: 244996)
0.003 0.000580636 0.00019818 0.000189711 0.000192745 (count: 244995)
0.0035 0.000789832 0.000269582 0.000258061 0.000262189 (count: 244994)
0.004 0.0010309 0.000351862 0.000336823 0.000342212 (count: 244993)
0.0045 0.0013037 0.000444972 0.000425954 0.00043277 (count: 244992)
0.005 0.00160808 0.000548863 0.000525403 0.000533812 (count: 244991)
0.0055 0.00194387 0.000663475 0.000635115 0.000645284 (count: 244990)
0.006 0.0023109 0.000788745 0.00075503 0.000767124 (count: 244989)
0.0065 0.00270895 0.000924603 0.00088508 0.000899263 (count: 244988)
0.007 0.0031378 0.00107098 0.00102519 0.00104163 (count: 244987)
0.0075 0.00359722 0.00122778 0.00117529 0.00119415 (count: 244986)
0.008 0.00408696 0.00139493 0.0013353 0.00135673 (count: 244985)
0.0085 0.00460674 0.00157233 0.00150511 0.00152929 (count: 244984)
0.009 0.00515629 0.00175989 0.00168465 0.00171174 (count: 244983)
0.0095 0.00573529 0.00195751 0.00187382 0.00190397 (count: 244982)
0.01 0.00634345 0.00216507 0.0020725 0.00210588 (count: 244981)
0.0105 0.00698042 0.00238246 0.0022806 0.00231736 (count: 244980)
0.011 0.00764587 0.00260957 0.002498 0.0025383 (count: 244979)
0.0115 0.00833943 0.00284628 0.00272457 0.00276858 (count: 244978)
0.012 0.00906073 0.00309244 0.00296021 0.00300808 (count: 244977)
0.0125 0.00980842 0.00334778 0.00320433 0.00325631 (count: 9799)
0.025 0.036057 0.0123043 0.0117766 0.0119761 (count: 9798)
0.0375 0.0709834 0.0242172 0.0231754 0.0235909 (count: 9797)
0.05 0.106025 0.0361737 0.0345992 0.0352521 (count: 9796)
0.0625 0.135024 0.0461056 0.0440309 0.0448878 (count: 9795)
0.075 0.155571 0.0532446 0.0506673 0.0516595 (count: 9794)
0.0875 0.168594 0.0579616 0.054786 0.0558466 (count: 9793)
0.1 0.176913 0.0612399 0.0572907 0.0583826 (count: 9792)
0.1125 0.183534 0.0640662 0.0591755 0.0602921 (count: 9791)
0.125 0.190354 0.0669911 0.0611136 0.0622497 (count: 9790)
0.1375 0.197737 0.0700239 0.0633024 0.0644106 (count: 9789)
0.15 0.204965 0.0728478 0.0655726 0.0665449 (count: 9788)
0.1625 0.211189 0.075181 0.0676524 0.0683557 (count: 9787)
0.175 0.216249 0.0770533 0.0694249 0.0697713 (count: 9786)
0.1875 0.220903 0.0788359 0.071034 0.0710326 (count: 9785)
0.2 0.22635 0.0810261 0.07278 0.0725439 (count: 9784)
0.2125 0.233439 0.0839446 0.0748897 0.0746043 (count: 9783)
0.225 0.242075 0.0875442 0.0773289 0.0772018 (count: 9782)
0.2375 0.251198 0.091424 0.0797878 0.0799866 (count: 9781)
0.25 0.259284 0.0950187 0.0818351 0.0824302 (count: 9780)
0.2625 0.265055 0.0978429 0.0831397 0.0840722 (count: 9779)
0.275 0.268048 0.0996818 0.0836362 0.0847304 (count: 9778)
0.2875 0.268796 0.100659 0.0835564 0.0845809 (count: 9777)
0.3 0.268569 0.101167 0.0833226 0.0840793 (count: 9776)
0.3125 0.277984 0.10787 0.082899 0.0872145 (count: 391)
0.625 0.316148 0.12476 0.0941546 0.0972332 (count: 390)
0.9375 0.318512 0.118344 0.0913777 0.10879 (count: 389)
1.25 0.354091 0.136935 0.10288 0.114276 (count: 388)
1.5625 0.385161 0.155461 0.109571 0.120129 (count: 387)
1.875 0.383143 0.153324 0.10674 0.123079 (count: 386)
2.1875 0.393235 0.155748 0.110272 0.127215 (count: 385)
2.5 0.426905 0.164991 0.11985 0.142064 (count: 384)
2.8125 0.427617 0.173094 0.115805 0.138718 (count: 383)
3.125 0.451534 0.189719 0.12477 0.137045 (count: 382)
3.4375 0.467313 0.189028 0.125695 0.15259 (count: 381)
3.75 0.463077 0.19108 0.117321 0.154676 (count: 380)
4.0625 0.490839 0.203941 0.119173 0.167724 (count: 379)
4.375 0.524831 0.205535 0.140369 0.178927 (count: 378)
4.6875 0.524276 0.20654 0.139072 0.178663 (count: 377)
5 0.502076 0.205327 0.126041 0.170709 (count: 376)
5.3125 0.540135 0.212463 0.144934 0.182737 (count: 375)
5.625 0.556513 0.228259 0.145979 0.182275 (count: 374)
5.9375 0.535404 0.219673 0.141197 0.174534 (count: 373)
6.25 0.534219 0.223341 0.140976 0.169902 (count: 372)
6.5625 0.554001 0.228557 0.145468 0.179975 (count: 371)
6.875 0.553899 0.233913 0.141315 0.178671 (count: 370)
7.1875 0.535141 0.215967 0.144885 0.174288 (count: 369)
7.5 0.534945 0.215481 0.144242 0.175222 (count: 368)
7.8125 0.675457 0.279863 0.0804037 0.31519 (count: 14)
15.625 0.921922 0.345428 0.12526 0.451234 (count: 13)
23.4375 0.915487 0.281695 0.0829469 0.550845 (count: 12)
31.25 0.867216 0.222255 0.099248 0.545713 (count: 11)
39.0625 0.947038 0.207369 0.121734 0.617935 (count: 10)
46.875 1.39689 0.241513 0.13687 1.0185 (count: 9)
54.6875 1.75692 0.404807 0.161058 1.19105 (count: 8)
62.5 1.31436 0.383096 0.0900474 0.841219 (count: 7)
70.3125 1.00201 0.163032 0.0603761 0.778601 (count: 6)
78.125 1.13114 0.240431 0.129234 0.76148 (count: 5)
85.9375 1.45365 0.382353 0.135957 0.935341 (count: 4)
93.75 1.10837 0.201549 0.0328285 0.873992 (count: 3)
101.562 1.47789 0.775463 0.0381439 0.664281 (count: 2)
109.375 0.381379 0.138388 0.0389391 0.204052 (count: 1)
