0.0005 1.63507e-05 5.47042e-06 5.43301e-06 5.44724e-06 (count: 2.352e+07)
0.001 6.5393e-05 2.18784e-05 2.17288e-05 2.17857e-05 (count: 2.35199e+07)
0.0015 0.000147098 4.92142e-05 4.88776e-05 4.90059e-05 (count: 2.35198e+07)
0.002 0.000261416 8.74615e-05 8.68633e-05 8.70915e-05 (count: 2.35197e+07)
0.0025 0.000408281 0.000136597 0.000135663 0.00013602 (count: 2.35196e+07)
0.003 0.000587604 0.000196593 0.000195248 0.000195763 (count: 2.35195e+07)
0.0035 0.00079928 0.000267412 0.000265583 0.000266285 (count: 2.35194e+07)
0.004 0.00104318 0.000349012 0.000346626 0.000347544 (count: 2.35193e+07)
0.0045 0.00131917 0.000441346 0.000438328 0.000439493 (count: 2.35192e+07)
0.005 0.00162707 0.000544357 0.000540635 0.000542077 (count: 2.35191e+07)
0.0055 0.00196671 0.000657986 0.000653488 0.000655237 (count: 2.3519e+07)
0.006 0.00233789 0.000782164 0.000776818 0.000778905 (count: 2.35189e+07)
0.0065 0.00274038 0.000916818 0.000910553 0.00091301 (count: 2.35188e+07)
0.007 0.00317396 0.00106187 0.00105461 0.00105747 (count: 2.35188e+07)
0.0075 0.00363836 0.00121723 0.00120892 0.00121221 (count: 2.35187e+07)
0.008 0.00413332 0.00138281 0.00137337 0.00137713 (count: 2.35186e+07)
0.0085 0.00465854 0.00155852 0.00154788 0.00155214 (count: 2.35185e+07)
0.009 0.00521372 0.00174425 0.00173234 0.00173714 (count: 2.35184e+07)
0.0095 0.00579854 0.00193988 0.00192665 0.00193201 (count: 2.35183e+07)
0.01 0.00641266 0.00214532 0.00213068 0.00213666 (count: 2.35182e+07)
0.0105 0.00705572 0.00236043 0.00234434 0.00235095 (count: 2.35181e+07)
0.011 0.00772735 0.0025851 0.00256748 0.00257477 (count: 2.3518e+07)
0.0115 0.00842717 0.00281919 0.00279998 0.002808 (count: 2.35179e+07)
0.012 0.00915477 0.00306258 0.00304171 0.00305048 (count: 2.35178e+07)
0.0125 0.00990974 0.00331517 0.0032925 0.00330207 (count: 940704)
0.025 0.0362199 0.0121131 0.012031 0.0120758 (count: 940608)
0.0375 0.0705726 0.0235932 0.0234312 0.0235482 (count: 940512)
0.05 0.103787 0.0346923 0.0344334 0.0346617 (count: 940416)
0.0625 0.129426 0.0432838 0.04289 0.0432524 (count: 940320)
0.075 0.145334 0.0486871 0.0480787 0.0485681 (count: 940224)
0.0875 0.153164 0.05149 0.0505472 0.0511269 (count: 940128)
0.1 0.156636 0.0529469 0.0515351 0.0521541 (count: 940032)
0.1125 0.159471 0.0542808 0.0522884 0.0529019 (count: 939936)
0.125 0.163857 0.0561832 0.053543 0.0541311 (count: 939840)
0.1375 0.169977 0.0586812 0.0553569 0.0559392 (count: 939744)
0.15 0.176616 0.0613566 0.057308 0.0579513 (count: 939648)
0.1625 0.182362 0.0637412 0.0589043 0.0597163 (count: 939552)
0.175 0.186663 0.0656472 0.0599569 0.061059 (count: 939456)
0.1875 0.190155 0.0672572 0.060706 0.0621923 (count: 939360)
0.2 0.194159 0.0689623 0.061648 0.0635487 (count: 939264)
0.2125 0.199756 0.0710861 0.0631995 0.0654706 (count: 939168)
0.225 0.207079 0.0736785 0.0654298 0.0679704 (count: 939072)
0.2375 0.215209 0.0764863 0.0680186 0.0707046 (count: 938976)
0.25 0.222673 0.0790889 0.0704336 0.0731504 (count: 938880)
0.2625 0.228166 0.0811036 0.0721991 0.0748632 (count: 938784)
0.275 0.231138 0.0823551 0.073108 0.0756745 (count: 938688)
0.2875 0.231977 0.0829405 0.0732886 0.0757483 (count: 938592)
0.3 0.231782 0.0831748 0.0731186 0.0754882 (count: 938496)
0.3125 0.233361 0.0826278 0.0741427 0.0765907 (count: 37536)
0.625 0.279077 0.0982567 0.0902864 0.0905339 (count: 37440)
0.9375 0.307414 0.108811 0.097207 0.101396 (count: 37344)
1.25 0.34143 0.122521 0.105298 0.113611 (count: 37248)
1.5625 0.367716 0.131684 0.113591 0.12244 (count: 37152)
1.875 0.39382 0.140197 0.120174 0.133448 (count: 37056)
2.1875 0.418439 0.147608 0.127632 0.143199 (count: 36960)
2.5 0.438701 0.153289 0.133255 0.152157 (count: 36864)
2.8125 0.459606 0.162169 0.138176 0.159262 (count: 36768)
3.125 0.482407 0.171362 0.143249 0.167796 (count: 36672)
3.4375 0.502646 0.177321 0.149705 0.175621 (count: 36576)
3.75 0.523645 0.185198 0.155788 0.18266 (count: 36480)
4.0625 0.540793 0.191338 0.159548 0.189907 (count: 36384)
4.375 0.557594 0.197288 0.164917 0.195389 (count: 36288)
4.6875 0.570156 0.200714 0.168372 0.20107 (count: 36192)
5 0.582859 0.204143 0.173385 0.205331 (count: 36096)
5.3125 0.597583 0.206949 0.178639 0.211996 (count: 36000)
5.625 0.61041 0.209286 0.184004 0.21712 (count: 35904)
5.9375 0.620532 0.209316 0.187925 0.223291 (count: 35808)
6.25 0.632836 0.21134 0.193214 0.228281 (count: 35712)
6.5625 0.64479 0.211485 0.19983 0.233476 (count: 35616)
6.875 0.656161 0.214025 0.204301 0.237835 (count: 35520)
7.1875 0.660021 0.213234 0.207338 0.239449 (count: 35424)
7.5 0.67279 0.214837 0.213202 0.244751 (count: 35328)
7.8125 0.625024 0.189921 0.223525 0.211578 (count: 1344)
15.625 0.824968 0.222959 0.278631 0.323378 (count: 1248)
23.4375 0.887995 0.242341 0.24813 0.397524 (count: 1152)
31.25 0.983729 0.25266 0.288849 0.44222 (count: 1056)
39.0625 1.19416 0.322225 0.337786 0.534151 (count: 960)
46.875 1.28701 0.33665 0.315673 0.634691 (count: 864)
54.6875 1.42297 0.348384 0.30015 0.774441 (count: 768)
62.5 1.57023 0.379823 0.387288 0.803122 (count: 672)
70.3125 1.57677 0.410197 0.346739 0.819828 (count: 576)
78.125 1.57211 0.423931 0.328004 0.820175 (count: 480)
85.9375 1.63033 0.431374 0.343689 0.855269 (count: 384)
93.75 1.42892 0.336779 0.251639 0.840504 (count: 288)
101.562 1.53393 0.454148 0.27068 0.809099 (count: 192)
109.375 1.43887 0.270289 0.235665 0.932914 (count: 96)
