# column 1: time [ps]
# column 2: msd xyz [A^2]
# column 3: msd x [A^2]
# column 4: msd y [A^2]
# column 5: msd z [A^2]
# column 6: number of samples [-]
0.001 3.48288e-25 1.1949e-25 1.08418e-25 1.20381e-25 (count: 95000)
0.002 3.48498e-25 1.19972e-25 1.07956e-25 1.20571e-25 (count: 94999)
0.003 3.47771e-25 1.19482e-25 1.07896e-25 1.20392e-25 (count: 94998)
0.004 3.49226e-25 1.19964e-25 1.08736e-25 1.20526e-25 (count: 94997)
0.005 3.47709e-25 1.19405e-25 1.07955e-25 1.20349e-25 (count: 94996)
0.006 3.48928e-25 1.19657e-25 1.09001e-25 1.20271e-25 (count: 94995)
0.007 3.47863e-25 1.19339e-25 1.08556e-25 1.19968e-25 (count: 94994)
0.008 3.48126e-25 1.19518e-25 1.08675e-25 1.19934e-25 (count: 94993)
0.009 3.48813e-25 1.19257e-25 1.08654e-25 1.20901e-25 (count: 94992)
0.01 3.48588e-25 1.20377e-25 1.07888e-25 1.20322e-25 (count: 94991)
0.011 3.48705e-25 1.199e-25 1.08441e-25 1.20365e-25 (count: 94990)
0.012 3.48487e-25 1.19856e-25 1.07845e-25 1.20786e-25 (count: 94989)
0.013 3.48684e-25 1.19937e-25 1.08684e-25 1.20062e-25 (count: 94988)
0.014 3.49964e-25 1.20402e-25 1.09141e-25 1.20422e-25 (count: 94987)
0.015 3.48348e-25 1.19092e-25 1.08625e-25 1.20632e-25 (count: 94986)
0.016 3.47948e-25 1.19395e-25 1.08404e-25 1.20149e-25 (count: 94985)
0.017 3.48339e-25 1.19691e-25 1.08064e-25 1.20583e-25 (count: 94984)
0.018 3.47995e-25 1.20204e-25 1.07718e-25 1.20074e-25 (count: 94983)
0.019 3.48955e-25 1.19929e-25 1.08426e-25 1.206e-25 (count: 94982)
0.02 3.48097e-25 1.1968e-25 1.08373e-25 1.20044e-25 (count: 94981)
0.021 3.47808e-25 1.1928e-25 1.08411e-25 1.20117e-25 (count: 94980)
0.022 3.48313e-25 1.19488e-25 1.0804e-25 1.20786e-25 (count: 94979)
0.023 3.47957e-25 1.19966e-25 1.07968e-25 1.20023e-25 (count: 94978)
0.024 3.46921e-25 1.19167e-25 1.0821e-25 1.19543e-25 (count: 94977)
0.025 3.42662e-25 1.15512e-25 1.07495e-25 1.19656e-25 (count: 3799)
0.05 3.52258e-25 1.17151e-25 1.10556e-25 1.2455e-25 (count: 3798)
0.075 3.47666e-25 1.15797e-25 1.12123e-25 1.19746e-25 (count: 3797)
0.1 3.50279e-25 1.15673e-25 1.12973e-25 1.21633e-25 (count: 3796)
0.125 3.42746e-25 1.17741e-25 1.09498e-25 1.15507e-25 (count: 3795)
0.15 3.51588e-25 1.18492e-25 1.12941e-25 1.20156e-25 (count: 3794)
0.175 3.40572e-25 1.16335e-25 1.08478e-25 1.15758e-25 (count: 3793)
0.2 3.48362e-25 1.16214e-25 1.10378e-25 1.21769e-25 (count: 3792)
0.225 3.4677e-25 1.17024e-25 1.11594e-25 1.18151e-25 (count: 3791)
0.25 3.44439e-25 1.1509e-25 1.09614e-25 1.19735e-25 (count: 3790)
0.275 3.50221e-25 1.1807e-25 1.10923e-25 1.21228e-25 (count: 3789)
0.3 3.37812e-25 1.13295e-25 1.08419e-25 1.16098e-25 (count: 3788)
0.325 3.4904e-25 1.16274e-25 1.07467e-25 1.25299e-25 (count: 3787)
0.35 3.47e-25 1.16548e-25 1.13338e-25 1.17114e-25 (count: 3786)
0.375 3.51544e-25 1.17336e-25 1.11959e-25 1.22249e-25 (count: 3785)
0.4 3.44687e-25 1.18513e-25 1.09243e-25 1.16931e-25 (count: 3784)
0.425 3.46776e-25 1.20705e-25 1.07717e-25 1.18354e-25 (count: 3783)
0.45 3.48916e-25 1.16514e-25 1.08555e-25 1.23847e-25 (count: 3782)
0.475 3.42246e-25 1.148e-25 1.09492e-25 1.17954e-25 (count: 3781)
0.5 3.44635e-25 1.14266e-25 1.09358e-25 1.21011e-25 (count: 3780)
0.525 3.45907e-25 1.16135e-25 1.12406e-25 1.17366e-25 (count: 3779)
0.55 3.45315e-25 1.1496e-25 1.10155e-25 1.202e-25 (count: 3778)
0.575 3.50544e-25 1.18538e-25 1.11884e-25 1.20121e-25 (count: 3777)
0.6 3.50825e-25 1.18851e-25 1.1323e-25 1.18744e-25 (count: 3776)
0.625 3.48175e-25 1.36512e-25 1.01065e-25 1.10598e-25 (count: 151)
1.25 3.36785e-25 1.39404e-25 9.75922e-26 9.97894e-26 (count: 150)
1.875 3.37267e-25 1.43722e-25 8.96488e-26 1.03896e-25 (count: 149)
2.5 3.14374e-25 1.33788e-25 8.75037e-26 9.30818e-26 (count: 148)
3.125 3.50879e-25 1.58932e-25 9.53306e-26 9.66165e-26 (count: 147)
3.75 3.10082e-25 1.18281e-25 1.05721e-25 8.60798e-26 (count: 146)
4.375 3.16956e-25 1.12601e-25 9.64784e-26 1.07877e-25 (count: 145)
5 3.25272e-25 1.34767e-25 8.69276e-26 1.03577e-25 (count: 144)
5.625 3.09786e-25 1.18401e-25 8.54905e-26 1.05894e-25 (count: 143)
6.25 3.18601e-25 1.37188e-25 9.37609e-26 8.76513e-26 (count: 142)
6.875 3.2306e-25 1.36729e-25 8.49157e-26 1.01415e-25 (count: 141)
7.5 3.10608e-25 1.30724e-25 9.43618e-26 8.55223e-26 (count: 140)
8.125 3.11053e-25 1.05734e-25 8.93919e-26 1.15927e-25 (count: 139)
8.75 3.35211e-25 1.24822e-25 1.05891e-25 1.04498e-25 (count: 138)
9.375 3.17728e-25 1.24318e-25 8.72181e-26 1.06192e-25 (count: 137)
10 3.2977e-25 1.43954e-25 8.88098e-26 9.70065e-26 (count: 136)
10.625 3.15375e-25 1.261e-25 8.57697e-26 1.03505e-25 (count: 135)
11.25 3.19621e-25 1.34962e-25 8.77119e-26 9.69473e-26 (count: 134)
11.875 3.29118e-25 1.27546e-25 9.58298e-26 1.05742e-25 (count: 133)
12.5 3.01821e-25 1.18819e-25 7.93474e-26 1.03655e-25 (count: 132)
13.125 2.94099e-25 1.14164e-25 8.49971e-26 9.49373e-26 (count: 131)
13.75 3.43959e-25 1.48385e-25 1.01359e-25 9.42136e-26 (count: 130)
14.375 3.39173e-25 1.38252e-25 8.40231e-26 1.16898e-25 (count: 129)
15 3.03629e-25 1.07197e-25 9.69605e-26 9.94722e-26 (count: 128)
15.625 2.21659e-25 3.68354e-26 9.75815e-26 8.72417e-26 (count: 5)
31.25 3.50179e-25 8.88573e-26 1.62367e-25 9.89547e-26 (count: 4)
46.875 1.96025e-25 6.57005e-26 1.77715e-26 1.12553e-25 (count: 3)
62.5 1.78522e-25 6.46235e-26 1.03398e-25 1.05013e-26 (count: 2)
78.125 4.26515e-25 1.03398e-25 3.16655e-25 6.46235e-27 (count: 1)
