0 0.020000 0.000000
1 0.060000 0.000000
2 0.100000 0.000000
3 0.140000 0.000000
4 0.180000 0.000000
5 0.220000 0.000000
6 0.260000 0.000000
7 0.300000 0.000000
8 0.340000 0.000000
9 0.380000 0.000000
10 0.420000 0.000000
11 0.460000 0.000000
12 0.500000 0.000000
13 0.540000 0.000000
14 0.580000 0.000000
15 0.620000 0.000000
16 0.660000 0.000000
17 0.700000 0.000000
18 0.740000 0.000000
19 0.780000 0.000000
20 0.820000 0.000000
21 0.860000 0.000000
22 0.900000 0.000000
23 0.940000 0.000000
24 0.980000 0.000000
25 1.020000 0.000000
26 1.060000 0.000000
27 1.100000 0.000000
28 1.140000 0.000000
29 1.180000 0.000000
30 1.220000 0.000000
31 1.260000 0.000000
32 1.300000 0.000000
33 1.340000 0.000000
34 1.380000 0.000000
35 1.420000 0.000000
36 1.460000 0.000000
37 1.500000 0.000000
38 1.540000 0.000000
39 1.580000 0.000000
40 1.620000 0.000000
41 1.660000 0.000000
42 1.700000 0.000000
43 1.740000 0.000000
44 1.780000 0.000000
45 1.820000 0.000000
46 1.860000 0.000000
47 1.900000 0.000000
48 1.940000 0.000000
49 1.980000 0.000000
50 2.020000 0.000000
51 2.060000 0.000000
52 2.100000 0.000000
53 2.140000 0.000000
54 2.180000 0.000000
55 2.220000 0.000000
56 2.260000 0.000000
57 2.300000 0.000000
58 2.340000 0.000000
59 2.380000 0.000000
60 2.420000 0.000000
61 2.460000 0.000000
62 2.500000 0.000000
63 2.540000 0.000000
64 2.580000 0.000000
65 2.620000 0.000000
66 2.660000 0.000000
67 2.700000 0.000000
68 2.740000 0.000000
69 2.780000 0.000000
70 2.820000 0.000000
71 2.860000 0.000000
72 2.900000 0.000000
73 2.940000 0.000000
74 2.980000 0.000000
75 3.020000 0.000000
76 3.060000 0.000000
77 3.100000 0.000000
78 3.140000 0.000106
79 3.180000 0.000184
80 3.220000 0.001647
81 3.260000 0.005014
82 3.300000 0.015039
83 3.340000 0.036375
84 3.380000 0.072131
85 3.420000 0.132938
86 3.460000 0.220577
87 3.500000 0.334373
88 3.540000 0.478076
89 3.580000 0.631906
90 3.620000 0.786671
91 3.660000 0.957666
92 3.700000 1.109956
93 3.740000 1.266448
94 3.780000 1.400831
95 3.820000 1.512482
96 3.860000 1.603527
97 3.900000 1.688597
98 3.940000 1.740265
99 3.980000 1.761528
100 4.020000 1.780648
101 4.060000 1.797483
102 4.100000 1.786682
103 4.140000 1.777147
104 4.180000 1.760358
105 4.220000 1.739013
106 4.260000 1.715796
107 4.300000 1.699818
108 4.340000 1.666046
109 4.380000 1.635860
110 4.420000 1.599712
111 4.460000 1.567039
112 4.500000 1.526009
113 4.540000 1.495494
114 4.580000 1.459252
115 4.620000 1.423913
116 4.660000 1.393694
117 4.700000 1.366172
118 4.740000 1.338804
119 4.780000 1.307214
120 4.820000 1.278299
121 4.860000 1.256835
122 4.900000 1.236289
123 4.940000 1.215781
124 4.980000 1.189785
125 5.020000 1.172636
126 5.060000 1.148951
127 5.100000 1.132935
128 5.140000 1.118996
129 5.180000 1.105996
130 5.220000 1.092906
131 5.260000 1.078411
132 5.300000 1.061043
133 5.340000 1.044147
134 5.380000 1.025749
135 5.420000 1.012125
136 5.460000 1.009685
137 5.500000 0.999868
138 5.540000 0.994795
139 5.580000 0.987485
140 5.620000 0.972880
141 5.660000 0.964808
142 5.700000 0.963898
143 5.740000 0.952172
144 5.780000 0.946696
145 5.820000 0.934590
146 5.860000 0.930891
147 5.900000 0.929598
148 5.940000 0.923122
149 5.980000 0.916082
150 6.020000 0.911229
151 6.060000 0.909954
152 6.100000 0.907487
153 6.140000 0.908900
154 6.180000 0.906544
155 6.220000 0.899440
156 6.260000 0.909290
157 6.300000 0.905332
158 6.340000 0.898572
159 6.380000 0.904554
160 6.420000 0.898280
161 6.460000 0.902416
162 6.500000 0.899567
163 6.540000 0.906674
164 6.580000 0.906082
165 6.620000 0.908084
166 6.660000 0.905333
167 6.700000 0.911843
168 6.740000 0.915451
169 6.780000 0.921275
170 6.820000 0.922731
171 6.860000 0.928240
172 6.900000 0.933403
173 6.940000 0.931929
174 6.980000 0.933717
175 7.020000 0.933136
176 7.060000 0.941301
177 7.100000 0.948140
178 7.140000 0.949405
179 7.180000 0.958653
180 7.220000 0.966887
181 7.260000 0.969363
182 7.300000 0.980243
183 7.340000 0.985449
184 7.380000 0.983152
185 7.420000 0.987594
186 7.460000 0.991938
187 7.500000 0.992321
188 7.540000 1.003114
189 7.580000 1.003778
190 7.620000 1.006930
191 7.660000 1.014819
192 7.700000 1.018014
193 7.740000 1.019583
194 7.780000 1.019116
195 7.820000 1.022164
196 7.860000 1.025268
197 7.900000 1.030270
198 7.940000 1.031308
199 7.980000 1.034141
200 8.020000 1.039150
201 8.060000 1.040492
202 8.100000 1.042417
203 8.140000 1.041679
204 8.180000 1.047061
205 8.220000 1.045463
206 8.260000 1.039403
207 8.300000 1.043529
208 8.340000 1.045879
209 8.380000 1.043656
210 8.420000 1.042556
211 8.460000 1.042197
212 8.500000 1.047350
213 8.540000 1.050265
214 8.580000 1.041642
215 8.620000 1.038608
216 8.660000 1.037883
217 8.700000 1.039285
218 8.740000 1.038156
219 8.780000 1.038000
220 8.820000 1.038839
221 8.860000 1.038220
222 8.900000 1.036872
223 8.940000 1.032752
224 8.980000 1.030154
225 9.020000 1.028292
226 9.060000 1.026461
227 9.100000 1.026848
228 9.140000 1.022323
229 9.180000 1.022087
230 9.220000 1.023842
231 9.260000 1.021886
232 9.300000 1.018189
233 9.340000 1.019856
234 9.380000 1.015830
235 9.420000 1.015977
236 9.460000 1.014868
237 9.500000 1.016025
238 9.540000 1.010347
239 9.580000 1.007413
240 9.620000 1.007524
241 9.660000 1.007349
242 9.700000 1.005257
243 9.740000 1.005419
244 9.780000 1.005156
245 9.820000 0.999561
246 9.860000 0.999871
247 9.900000 0.995532
248 9.940000 0.995262
249 9.980000 0.993708
250 10.020000 0.993357
251 10.060000 0.987076
252 10.100000 0.990911
253 10.140000 0.994535
254 10.180000 0.993108
255 10.220000 0.991410
256 10.260000 0.989209
257 10.300000 0.989187
258 10.340000 0.990916
259 10.380000 0.992139
260 10.420000 0.990193
261 10.460000 0.991022
262 10.500000 0.990821
263 10.540000 0.991364
264 10.580000 0.988818
265 10.620000 0.991518
266 10.660000 0.989385
267 10.700000 0.988328
268 10.740000 0.991177
269 10.780000 0.990471
270 10.820000 0.990925
271 10.860000 0.989379
272 10.900000 0.988200
273 10.940000 0.995489
274 10.980000 0.996471
275 11.020000 0.999853
276 11.060000 1.000008
277 11.100000 0.998019
278 11.140000 0.996344
279 11.180000 0.999445
280 11.220000 0.998418
281 11.260000 0.999694
282 11.300000 0.999981
283 11.340000 1.002775
284 11.380000 1.003628
285 11.420000 1.003877
286 11.460000 1.003144
287 11.500000 1.005865
288 11.540000 1.004718
289 11.580000 1.005725
290 11.620000 1.003358
291 11.660000 1.002240
292 11.700000 1.002837
293 11.740000 1.002913
294 11.780000 1.007788
295 11.820000 1.005067
296 11.860000 1.000315
297 11.900000 1.004580
298 11.940000 1.004704
299 11.980000 1.006426
