0 0.012000 0.000000
1 0.036000 0.000000
2 0.060000 0.000000
3 0.084000 0.000000
4 0.108000 0.000000
5 0.132000 0.000000
6 0.156000 0.000000
7 0.180000 0.000000
8 0.204000 0.000000
9 0.228000 0.000000
10 0.252000 0.000000
11 0.276000 0.000000
12 0.300000 0.000000
13 0.324000 0.000000
14 0.348000 0.000000
15 0.372000 0.000000
16 0.396000 0.000000
17 0.420000 0.000000
18 0.444000 0.000000
19 0.468000 0.000000
20 0.492000 0.000000
21 0.516000 0.000000
22 0.540000 0.000000
23 0.564000 0.000000
24 0.588000 0.000000
25 0.612000 0.000000
26 0.636000 0.000000
27 0.660000 0.000000
28 0.684000 0.000000
29 0.708000 0.000000
30 0.732000 0.000000
31 0.756000 0.000000
32 0.780000 0.000000
33 0.804000 0.000000
34 0.828000 0.000000
35 0.852000 0.000000
36 0.876000 0.000000
37 0.900000 0.000000
38 0.924000 0.000000
39 0.948000 0.000000
40 0.972000 0.000000
41 0.996000 0.000000
42 1.020000 0.000000
43 1.044000 0.000000
44 1.068000 0.000000
45 1.092000 0.000000
46 1.116000 0.000000
47 1.140000 0.000000
48 1.164000 0.000000
49 1.188000 0.000000
50 1.212000 0.000000
51 1.236000 0.000000
52 1.260000 0.000000
53 1.284000 0.000000
54 1.308000 0.000000
55 1.332000 0.000000
56 1.356000 0.000000
57 1.380000 0.000000
58 1.404000 0.000029
59 1.428000 0.000071
60 1.452000 0.000702
61 1.476000 0.003672
62 1.500000 0.011278
63 1.524000 0.031395
64 1.548000 0.071062
65 1.572000 0.138713
66 1.596000 0.242314
67 1.620000 0.390120
68 1.644000 0.554453
69 1.668000 0.728287
70 1.692000 0.913449
71 1.716000 1.068098
72 1.740000 1.192606
73 1.764000 1.282707
74 1.788000 1.326176
75 1.812000 1.323603
76 1.836000 1.303412
77 1.860000 1.249614
78 1.884000 1.194897
79 1.908000 1.118247
80 1.932000 1.036432
81 1.956000 0.948112
82 1.980000 0.858974
83 2.004000 0.788863
84 2.028000 0.718987
85 2.052000 0.649316
86 2.076000 0.589525
87 2.100000 0.535399
88 2.124000 0.485897
89 2.148000 0.439610
90 2.172000 0.402940
91 2.196000 0.372837
92 2.220000 0.345308
93 2.244000 0.321771
94 2.268000 0.300288
95 2.292000 0.285654
96 2.316000 0.273428
97 2.340000 0.260763
98 2.364000 0.249293
99 2.388000 0.240477
100 2.412000 0.239098
101 2.436000 0.239243
102 2.460000 0.241090
103 2.484000 0.243896
104 2.508000 0.250267
105 2.532000 0.260172
106 2.556000 0.268529
107 2.580000 0.282750
108 2.604000 0.301622
109 2.628000 0.320669
110 2.652000 0.347235
111 2.676000 0.374411
112 2.700000 0.405557
113 2.724000 0.445959
114 2.748000 0.490410
115 2.772000 0.540059
116 2.796000 0.598513
117 2.820000 0.663276
118 2.844000 0.729647
119 2.868000 0.801231
120 2.892000 0.876309
121 2.916000 0.958258
122 2.940000 1.038208
123 2.964000 1.118844
124 2.988000 1.195489
125 3.012000 1.266826
126 3.036000 1.333625
127 3.060000 1.392639
128 3.084000 1.446762
129 3.108000 1.487685
130 3.132000 1.516535
131 3.156000 1.535119
132 3.180000 1.546595
133 3.204000 1.546903
134 3.228000 1.539674
135 3.252000 1.530612
136 3.276000 1.511097
137 3.300000 1.486169
138 3.324000 1.458290
139 3.348000 1.429054
140 3.372000 1.395473
141 3.396000 1.362671
142 3.420000 1.324796
143 3.444000 1.289858
144 3.468000 1.258176
145 3.492000 1.230262
146 3.516000 1.202409
147 3.540000 1.180167
148 3.564000 1.158714
149 3.588000 1.135996
150 3.612000 1.117573
151 3.636000 1.099883
152 3.660000 1.084408
153 3.684000 1.073600
154 3.708000 1.062691
155 3.732000 1.056468
156 3.756000 1.047291
157 3.780000 1.040421
158 3.804000 1.033455
159 3.828000 1.028951
160 3.852000 1.026796
161 3.876000 1.021771
162 3.900000 1.015626
163 3.924000 1.013758
164 3.948000 1.009923
165 3.972000 1.007373
166 3.996000 1.006333
167 4.020000 1.005574
168 4.044000 1.003334
169 4.068000 1.000802
170 4.092000 0.998532
171 4.116000 0.997810
172 4.140000 0.996764
173 4.164000 0.994766
174 4.188000 0.990217
175 4.212000 0.989410
176 4.236000 0.987197
177 4.260000 0.984348
178 4.284000 0.982877
179 4.308000 0.981042
180 4.332000 0.981288
181 4.356000 0.978144
182 4.380000 0.974598
183 4.404000 0.974211
184 4.428000 0.975521
185 4.452000 0.973542
186 4.476000 0.971455
187 4.500000 0.974258
188 4.524000 0.972630
189 4.548000 0.974043
190 4.572000 0.970988
191 4.596000 0.974317
192 4.620000 0.975702
193 4.644000 0.975177
194 4.668000 0.976996
195 4.692000 0.978651
196 4.716000 0.979704
197 4.740000 0.978389
198 4.764000 0.980198
199 4.788000 0.982157
200 4.812000 0.982127
201 4.836000 0.983753
202 4.860000 0.985598
203 4.884000 0.986890
204 4.908000 0.990171
205 4.932000 0.992678
206 4.956000 0.992271
207 4.980000 0.995338
208 5.004000 0.997174
209 5.028000 0.998892
210 5.052000 0.998686
211 5.076000 1.001149
212 5.100000 1.000363
213 5.124000 1.000453
214 5.148000 1.001264
215 5.172000 1.002005
216 5.196000 1.003861
217 5.220000 1.004137
218 5.244000 1.002104
219 5.268000 1.001135
220 5.292000 1.001445
221 5.316000 1.002002
222 5.340000 0.999673
223 5.364000 1.000154
224 5.388000 0.998453
225 5.412000 0.996831
226 5.436000 0.996134
227 5.460000 0.994964
228 5.484000 0.995411
229 5.508000 0.994661
230 5.532000 0.994210
231 5.556000 0.993004
232 5.580000 0.992265
233 5.604000 0.992151
234 5.628000 0.990040
235 5.652000 0.988667
236 5.676000 0.990748
237 5.700000 0.987496
238 5.724000 0.985065
239 5.748000 0.983312
240 5.772000 0.983880
241 5.796000 0.981491
242 5.820000 0.981515
243 5.844000 0.979977
244 5.868000 0.978741
245 5.892000 0.977994
246 5.916000 0.977083
247 5.940000 0.976534
248 5.964000 0.975990
249 5.988000 0.975121
250 6.012000 0.974548
251 6.036000 0.974854
252 6.060000 0.974007
253 6.084000 0.974988
254 6.108000 0.975651
255 6.132000 0.974231
256 6.156000 0.974464
257 6.180000 0.974930
258 6.204000 0.976042
259 6.228000 0.977043
260 6.252000 0.977872
261 6.276000 0.977720
262 6.300000 0.978933
263 6.324000 0.978067
264 6.348000 0.980043
265 6.372000 0.980810
266 6.396000 0.980444
267 6.420000 0.983029
268 6.444000 0.984726
269 6.468000 0.984756
270 6.492000 0.987479
271 6.516000 0.989372
272 6.540000 0.991200
273 6.564000 0.992223
274 6.588000 0.993587
275 6.612000 0.996506
276 6.636000 0.997320
277 6.660000 0.998414
278 6.684000 1.000205
279 6.708000 1.001332
280 6.732000 1.002407
281 6.756000 1.003437
282 6.780000 1.003723
283 6.804000 1.005556
284 6.828000 1.007364
285 6.852000 1.007589
286 6.876000 1.009176
287 6.900000 1.009087
288 6.924000 1.011773
289 6.948000 1.012723
290 6.972000 1.013680
291 6.996000 1.014938
292 7.020000 1.015195
293 7.044000 1.014453
294 7.068000 1.016485
295 7.092000 1.018133
296 7.116000 1.018884
297 7.140000 1.019155
298 7.164000 1.019832
299 7.188000 1.020844
300 7.212000 1.021876
301 7.236000 1.021612
302 7.260000 1.022236
303 7.284000 1.019714
304 7.308000 1.021022
305 7.332000 1.020131
306 7.356000 1.020142
307 7.380000 1.019227
308 7.404000 1.020420
309 7.428000 1.020153
310 7.452000 1.020836
311 7.476000 1.018406
312 7.500000 1.017047
313 7.524000 1.016846
314 7.548000 1.015472
315 7.572000 1.014069
316 7.596000 1.013476
317 7.620000 1.012747
318 7.644000 1.011736
319 7.668000 1.011258
320 7.692000 1.010852
321 7.716000 1.008422
322 7.740000 1.007339
323 7.764000 1.006713
324 7.788000 1.005243
325 7.812000 1.005502
326 7.836000 1.005194
327 7.860000 1.003812
328 7.884000 1.002090
329 7.908000 1.000440
330 7.932000 1.000062
331 7.956000 0.999717
332 7.980000 0.999915
333 8.004000 0.998797
334 8.028000 0.998411
335 8.052000 0.997882
336 8.076000 0.996032
337 8.100000 0.995000
338 8.124000 0.994261
339 8.148000 0.994067
340 8.172000 0.994392
341 8.196000 0.992525
342 8.220000 0.992077
343 8.244000 0.992129
344 8.268000 0.992830
345 8.292000 0.992513
346 8.316000 0.993613
347 8.340000 0.992072
348 8.364000 0.992747
349 8.388000 0.992214
350 8.412000 0.990766
351 8.436000 0.990668
352 8.460000 0.991408
353 8.484000 0.990574
354 8.508000 0.990336
355 8.532000 0.990637
356 8.556000 0.990649
357 8.580000 0.991815
358 8.604000 0.992074
359 8.628000 0.991011
360 8.652000 0.991151
361 8.676000 0.992589
362 8.700000 0.992852
363 8.724000 0.993611
364 8.748000 0.994273
365 8.772000 0.995504
366 8.796000 0.995785
367 8.820000 0.996054
368 8.844000 0.995957
369 8.868000 0.996803
370 8.892000 0.997059
371 8.916000 0.997065
372 8.940000 0.996231
373 8.964000 0.995952
374 8.988000 0.996253
375 9.012000 0.997807
376 9.036000 0.998967
377 9.060000 0.998595
378 9.084000 0.998437
379 9.108000 0.999071
380 9.132000 0.999021
381 9.156000 0.999791
382 9.180000 1.000182
383 9.204000 0.999958
384 9.228000 1.000548
385 9.252000 1.000909
386 9.276000 1.000899
387 9.300000 1.000744
388 9.324000 1.001837
389 9.348000 1.001951
390 9.372000 1.001745
391 9.396000 1.000891
392 9.420000 1.001020
393 9.444000 1.000420
394 9.468000 1.001335
395 9.492000 1.000713
396 9.516000 1.001458
397 9.540000 1.001180
398 9.564000 1.000582
399 9.588000 1.000684
400 9.612000 1.000330
401 9.636000 0.999962
402 9.660000 0.999474
403 9.684000 0.999651
404 9.708000 1.000675
405 9.732000 1.000308
406 9.756000 1.000249
407 9.780000 0.999557
408 9.804000 1.000803
409 9.828000 1.001346
410 9.852000 1.001126
411 9.876000 1.000360
412 9.900000 1.000630
413 9.924000 0.999370
414 9.948000 0.999354
415 9.972000 0.999279
416 9.996000 0.999586
417 10.020000 0.999753
418 10.044000 1.000204
419 10.068000 1.000253
420 10.092000 0.999326
421 10.116000 1.000175
422 10.140000 0.999616
423 10.164000 0.998827
424 10.188000 0.998159
425 10.212000 0.997713
426 10.236000 0.999272
427 10.260000 0.998670
428 10.284000 0.998940
429 10.308000 0.998330
430 10.332000 0.998404
431 10.356000 0.999348
432 10.380000 0.998959
433 10.404000 0.998466
434 10.428000 0.997977
435 10.452000 0.998594
436 10.476000 0.998572
437 10.500000 0.998180
438 10.524000 0.999255
439 10.548000 0.998993
440 10.572000 0.998710
441 10.596000 0.999998
442 10.620000 0.999693
443 10.644000 1.000546
444 10.668000 1.000959
445 10.692000 1.000432
446 10.716000 1.000278
447 10.740000 0.999778
448 10.764000 1.000103
449 10.788000 0.999953
450 10.812000 0.999875
451 10.836000 1.000834
452 10.860000 1.001125
453 10.884000 1.000474
454 10.908000 1.000190
455 10.932000 1.000672
456 10.956000 1.001306
457 10.980000 1.000680
458 11.004000 1.000461
459 11.028000 1.000270
460 11.052000 1.000466
461 11.076000 1.000142
462 11.100000 1.001431
463 11.124000 1.001896
464 11.148000 1.002169
465 11.172000 1.003351
466 11.196000 1.002514
467 11.220000 1.002551
468 11.244000 1.003097
469 11.268000 1.002884
470 11.292000 1.003272
471 11.316000 1.002648
472 11.340000 1.002523
473 11.364000 1.002179
474 11.388000 1.001546
475 11.412000 1.000575
476 11.436000 1.001218
477 11.460000 1.001431
478 11.484000 1.001242
479 11.508000 1.000984
480 11.532000 1.001460
481 11.556000 1.001549
482 11.580000 1.001979
483 11.604000 1.001653
484 11.628000 1.001203
485 11.652000 1.001509
486 11.676000 1.000715
487 11.700000 1.001212
488 11.724000 1.000790
489 11.748000 1.000772
490 11.772000 1.000981
491 11.796000 1.000780
492 11.820000 1.000284
493 11.844000 1.000172
494 11.868000 0.999920
495 11.892000 0.999921
496 11.916000 0.999541
497 11.940000 0.999153
498 11.964000 0.999764
499 11.988000 0.998943
