#Percentage conformations found in torsional forms:
#--------------------------------------------------
# synperiplanar form         [-30:30,330:360]: 0.489975 %
# synclinal+ (gauche+) form           [30:90]: 26.621272 %
# anticlinal+ form                   [90:150]: 1.936144 %
# antiperiplanar+ (trans,anti) form [150:210]: 42.393788 %
# anticlinal- form                  [210:270]: 1.926943 %
# synclinal- (gauche-) form         [270:330]: 26.631878 %
0 1.44097e-05
0.36 1.39757e-05
0.72 1.1441e-05
1.08 1.43056e-05
1.44 1.46701e-05
1.8 1.57292e-05
2.16 1.60417e-05
2.52 2.21528e-05
2.88 1.4184e-05
3.24 1.41146e-05
3.6 1.56076e-05
3.96 1.7934e-05
4.32 1.83507e-05
4.68 1.76042e-05
5.04 1.71007e-05
5.4 1.72743e-05
5.76 1.7691e-05
6.12 1.82292e-05
6.48 1.80382e-05
6.84 1.75521e-05
7.2 1.9184e-05
7.56 2.04687e-05
7.92 1.86806e-05
8.28 2.14236e-05
8.64 2.38889e-05
9 2.16146e-05
9.36 2.32639e-05
9.72 2.40625e-05
10.08 2.20139e-05
10.44 2.55035e-05
10.8 2.73611e-05
11.16 2.47569e-05
11.52 2.47917e-05
11.88 3.24479e-05
12.24 3.02604e-05
12.6 2.92187e-05
12.96 3.4809e-05
13.32 3.30208e-05
13.68 3.5e-05
14.04 3.95833e-05
14.4 3.7691e-05
14.76 3.9184e-05
15.12 4.73438e-05
15.48 4.30729e-05
15.84 4.52778e-05
16.2 4.63021e-05
16.56 4.51736e-05
16.92 5.11285e-05
17.28 5.36632e-05
17.64 5.64062e-05
18 5.48785e-05
18.36 6.07465e-05
18.72 6.61806e-05
19.08 7.44444e-05
19.44 7.3316e-05
19.8 8.17188e-05
20.16 8.10417e-05
20.52 8.08681e-05
20.88 9.57986e-05
21.24 9.49306e-05
21.6 9.99132e-05
21.96 0.000105052
22.32 0.000109688
22.68 0.000116684
23.04 0.00012724
23.4 0.000131528
23.76 0.000140538
24.12 0.000140747
24.48 0.000159167
24.84 0.000159375
25.2 0.000174896
25.56 0.000186858
25.92 0.000204219
26.28 0.000202986
26.64 0.000221771
27 0.00023224
27.36 0.000253507
27.72 0.000269965
28.08 0.000286389
28.44 0.000289462
28.8 0.000310938
29.16 0.000329705
29.52 0.000356215
29.88 0.000365885
30.24 0.000402309
30.6 0.000397066
30.96 0.000448906
31.32 0.000468073
31.68 0.000496649
32.04 0.000529115
32.4 0.000553021
32.76 0.000596372
33.12 0.000605434
33.48 0.000676337
33.84 0.000695799
34.2 0.00072559
34.56 0.000774583
34.92 0.00081151
35.28 0.000850208
35.64 0.000925087
36 0.000966476
36.36 0.00103101
36.72 0.00109941
37.08 0.0011245
37.44 0.0011787
37.8 0.0012447
38.16 0.00132283
38.52 0.00139552
38.88 0.00144854
39.24 0.0015342
39.6 0.00161943
39.96 0.00170266
40.32 0.00179493
40.68 0.00186946
41.04 0.00198304
41.4 0.00208014
41.76 0.00217495
42.12 0.00229793
42.48 0.00239326
42.84 0.00246457
43.2 0.00259868
43.56 0.00279104
43.92 0.00290523
44.28 0.00297561
44.64 0.00312828
45 0.00322972
45.36 0.00339585
45.72 0.00349665
46.08 0.0036762
46.44 0.00385342
46.8 0.00397741
47.16 0.00409885
47.52 0.00420323
47.88 0.00448332
48.24 0.0045512
48.6 0.0048045
48.96 0.00489198
49.32 0.00507813
49.68 0.00529116
50.04 0.00541939
50.4 0.00562295
50.76 0.00578245
51.12 0.00592227
51.48 0.00604736
51.84 0.0062283
52.2 0.00651734
52.56 0.00670896
52.92 0.0068116
53.28 0.00696997
53.64 0.00718684
54 0.00729193
54.36 0.00738095
54.72 0.00752724
55.08 0.00776675
55.44 0.00794667
55.8 0.00797965
56.16 0.0080971
56.52 0.00819993
56.88 0.00847526
57.24 0.00843885
57.6 0.00860309
57.96 0.00882356
58.32 0.00877705
58.68 0.00893865
59.04 0.00897623
59.4 0.00902939
59.76 0.00903677
60.12 0.00909349
60.48 0.00913356
60.84 0.00913925
61.2 0.00917842
61.56 0.00912905
61.92 0.00915097
62.28 0.00915924
62.64 0.0091609
63 0.00903997
63.36 0.00908691
63.72 0.00903927
64.08 0.00888776
64.44 0.00882059
64.8 0.00892066
65.16 0.00871026
65.52 0.00859083
65.88 0.00854026
66.24 0.00841177
66.6 0.00832976
66.96 0.00810705
67.32 0.00803618
67.68 0.00788082
68.04 0.00771519
68.4 0.00757653
68.76 0.00749146
69.12 0.00737333
69.48 0.00720045
69.84 0.00690906
70.2 0.00684061
70.56 0.0066776
70.92 0.00656953
71.28 0.00638252
71.64 0.0061651
72 0.00599731
72.36 0.00587896
72.72 0.00567792
73.08 0.00556161
73.44 0.00537896
73.8 0.00516109
74.16 0.00508247
74.52 0.00488102
74.88 0.0047641
75.24 0.00452708
75.6 0.00438672
75.96 0.00423562
76.32 0.00405639
76.68 0.00395071
77.04 0.00379752
77.4 0.00373568
77.76 0.00356347
78.12 0.00339691
78.48 0.00327602
78.84 0.00311063
79.2 0.00300174
79.56 0.00287575
79.92 0.00279069
80.28 0.00269892
80.64 0.0025329
81 0.00250146
81.36 0.00234917
81.72 0.00225161
82.08 0.0021392
82.44 0.00205104
82.8 0.00196972
83.16 0.00191085
83.52 0.00180696
83.88 0.00174814
84.24 0.00166441
84.6 0.0015774
84.96 0.0014996
85.32 0.00141832
85.68 0.00137896
86.04 0.00129561
86.4 0.0012688
86.76 0.0012012
87.12 0.00115564
87.48 0.00106814
87.84 0.00103047
88.2 0.00102911
88.56 0.000956076
88.92 0.000890399
89.28 0.000871406
89.64 0.000806233
90 0.000807135
90.36 0.000770955
90.72 0.000692517
91.08 0.000680469
91.44 0.000664184
91.8 0.000616962
92.16 0.000613177
92.52 0.000563576
92.88 0.000540972
93.24 0.000502483
93.6 0.00049875
93.96 0.00047059
94.32 0.000446979
94.68 0.000445677
95.04 0.000411302
95.4 0.000391753
95.76 0.000372726
96.12 0.000345729
96.48 0.000345069
96.84 0.000325938
97.2 0.000318681
97.56 0.000304288
97.92 0.000286285
98.28 0.000277795
98.64 0.00024599
99 0.000260017
99.36 0.000237847
99.72 0.000221042
100.08 0.000235677
100.44 0.000205417
100.8 0.000208889
101.16 0.000208663
101.52 0.000197153
101.88 0.000196753
102.24 0.00018816
102.6 0.000164115
102.96 0.000161372
103.32 0.00016191
103.68 0.000161076
104.04 0.000154219
104.4 0.000143264
104.76 0.000139045
105.12 0.000144653
105.48 0.000130035
105.84 0.000130642
106.2 0.000137691
106.56 0.000130816
106.92 0.000120747
107.28 0.000118073
107.64 0.000115625
108 0.000113316
108.36 0.000108976
108.72 0.000106719
109.08 9.95139e-05
109.44 0.000100069
109.8 9.80208e-05
110.16 9.61458e-05
110.52 9.94965e-05
110.88 0.000101389
111.24 9.39062e-05
111.6 9.18924e-05
111.96 9.2309e-05
112.32 9.11979e-05
112.68 9.45833e-05
113.04 8.26563e-05
113.4 8.65278e-05
113.76 9.72569e-05
114.12 8.64757e-05
114.48 8.01563e-05
114.84 8.81424e-05
115.2 8.17708e-05
115.56 8.2691e-05
115.92 8.32118e-05
116.28 8.96007e-05
116.64 8.38021e-05
117 9.12153e-05
117.36 7.72396e-05
117.72 8.04514e-05
118.08 8.57813e-05
118.44 8.59201e-05
118.8 8.93403e-05
119.16 8.33507e-05
119.52 8.74479e-05
119.88 8.25174e-05
120.24 8.52604e-05
120.6 8.7309e-05
120.96 9.19618e-05
121.32 9.47743e-05
121.68 9.13715e-05
122.04 9.17014e-05
122.4 9.97569e-05
122.76 9.9809e-05
123.12 0.000102187
123.48 9.4566e-05
123.84 0.000101892
124.2 0.000102066
124.56 0.000105521
124.92 0.000113802
125.28 0.000105069
125.64 0.000104306
126 0.000118906
126.36 0.000118976
126.72 0.000118924
127.08 0.000123906
127.44 0.000126806
127.8 0.00013559
128.16 0.000135573
128.52 0.00013349
128.88 0.000147969
129.24 0.000146059
129.6 0.000161076
129.96 0.000148924
130.32 0.000156997
130.68 0.000163924
131.04 0.000165469
131.4 0.000179809
131.76 0.000186545
132.12 0.000192622
132.48 0.00019151
132.84 0.000204549
133.2 0.000217691
133.56 0.00021533
133.92 0.000238021
134.28 0.000238785
134.64 0.000247083
135 0.000259323
135.36 0.000270399
135.72 0.000283854
136.08 0.000273767
136.44 0.00030125
136.8 0.000292882
137.16 0.000312535
137.52 0.000341007
137.88 0.000351337
138.24 0.000367882
138.6 0.000384653
138.96 0.000403594
139.32 0.000409549
139.68 0.00044125
140.04 0.000448472
140.4 0.000488681
140.76 0.000498247
141.12 0.000521979
141.48 0.000525156
141.84 0.000574618
142.2 0.000592101
142.56 0.000601007
142.92 0.000649132
143.28 0.000679288
143.64 0.00071441
144 0.000740729
144.36 0.00076224
144.72 0.000826597
145.08 0.000841024
145.44 0.000871267
145.8 0.000901337
146.16 0.000946476
146.52 0.000989045
146.88 0.00103856
147.24 0.00109344
147.6 0.0011491
147.96 0.0011928
148.32 0.00123583
148.68 0.00129972
149.04 0.00138934
149.4 0.00143905
149.76 0.00151257
150.12 0.00154411
150.48 0.00162993
150.84 0.00171005
151.2 0.00176181
151.56 0.00182668
151.92 0.0019263
152.28 0.00199214
152.64 0.00209825
153 0.00220576
153.36 0.00228524
153.72 0.00240948
154.08 0.0024983
154.44 0.00259819
154.8 0.00267113
155.16 0.00276493
155.52 0.00290939
155.88 0.00309653
156.24 0.00321304
156.6 0.00326859
156.96 0.00346142
157.32 0.00355278
157.68 0.00369257
158.04 0.00378837
158.4 0.00402747
158.76 0.00411179
159.12 0.0042354
159.48 0.00438444
159.84 0.00456375
160.2 0.00472441
160.56 0.00488094
160.92 0.00507418
161.28 0.00520297
161.64 0.00541981
162 0.00551536
162.36 0.00573998
162.72 0.00597585
163.08 0.00619392
163.44 0.0062705
163.8 0.00650608
164.16 0.00668262
164.52 0.0067399
164.88 0.00708285
165.24 0.00719866
165.6 0.00744378
165.96 0.00772351
166.32 0.00790887
166.68 0.00792764
167.04 0.00831047
167.4 0.00832295
167.76 0.00859564
168.12 0.00880215
168.48 0.00889873
168.84 0.00909615
169.2 0.00934075
169.56 0.00944663
169.92 0.00969095
170.28 0.00980884
170.64 0.0100275
171 0.0101461
171.36 0.0103987
171.72 0.0104629
172.08 0.0106887
172.44 0.0106061
172.8 0.0108198
173.16 0.0110579
173.52 0.011132
173.88 0.0112529
174.24 0.0113865
174.6 0.0114922
174.96 0.0116024
175.32 0.0116857
175.68 0.0116769
176.04 0.0118991
176.4 0.0118894
176.76 0.0119721
177.12 0.0120652
177.48 0.0121055
177.84 0.0122655
178.2 0.0121209
178.56 0.0121843
178.92 0.0122315
179.28 0.0122525
179.64 0.0122268
180 0.0121976
180.36 0.0121881
180.72 0.0122698
181.08 0.0122688
181.44 0.0121529
181.8 0.0121344
182.16 0.0120493
182.52 0.0120182
182.88 0.0120101
183.24 0.0118474
183.6 0.0118182
183.96 0.0116822
184.32 0.0116791
184.68 0.0115855
185.04 0.0114815
185.4 0.0113226
185.76 0.0112527
186.12 0.0111425
186.48 0.0110395
186.84 0.0108929
187.2 0.010787
187.56 0.0105495
187.92 0.0104594
188.28 0.010266
188.64 0.0101968
189 0.00997245
189.36 0.00976877
189.72 0.00968616
190.08 0.00945104
190.44 0.00933309
190.8 0.00911125
191.16 0.00893891
191.52 0.00877776
191.88 0.00859502
192.24 0.00846622
192.6 0.00826536
192.96 0.00803122
193.32 0.00778816
193.68 0.00757512
194.04 0.00743092
194.4 0.00724385
194.76 0.00704852
195.12 0.00687356
195.48 0.00669005
195.84 0.00652036
196.2 0.00629774
196.56 0.00612608
196.92 0.00600378
197.28 0.00576271
197.64 0.0056484
198 0.00546333
198.36 0.00531708
198.72 0.00504776
199.08 0.0048733
199.44 0.00473828
199.8 0.00453444
200.16 0.00439632
200.52 0.00429394
200.88 0.00411184
201.24 0.00393858
201.6 0.00381182
201.96 0.00368071
202.32 0.0035317
202.68 0.003398
203.04 0.00326484
203.4 0.00315951
203.76 0.00308118
204.12 0.00294564
204.48 0.00279363
204.84 0.0027097
205.2 0.00259026
205.56 0.00245337
205.92 0.00238495
206.28 0.00228108
206.64 0.00217458
207 0.00210089
207.36 0.00203493
207.72 0.00192674
208.08 0.00184134
208.44 0.00174229
208.8 0.00168391
209.16 0.00163071
209.52 0.00155132
209.88 0.00146384
210.24 0.00141698
210.6 0.00136488
210.96 0.00129819
211.32 0.00124597
211.68 0.00121543
212.04 0.00113884
212.4 0.00111002
212.76 0.00103906
213.12 0.000986215
213.48 0.000943819
213.84 0.000924635
214.2 0.000867847
214.56 0.000847639
214.92 0.000796406
215.28 0.000762969
215.64 0.000710868
216 0.000686701
216.36 0.00065026
216.72 0.000634444
217.08 0.0005975
217.44 0.00058316
217.8 0.000563472
218.16 0.000539462
218.52 0.000508108
218.88 0.000488663
219.24 0.000478108
219.6 0.000437049
219.96 0.00043217
220.32 0.000406545
220.68 0.00039066
221.04 0.000380191
221.4 0.000345052
221.76 0.000348229
222.12 0.000337708
222.48 0.000315556
222.84 0.000296701
223.2 0.000297118
223.56 0.000279271
223.92 0.000275035
224.28 0.000264115
224.64 0.000259149
225 0.000242951
225.36 0.000238472
225.72 0.000223351
226.08 0.000216389
226.44 0.000216701
226.8 0.000205451
227.16 0.000203733
227.52 0.00018783
227.88 0.000184219
228.24 0.00017941
228.6 0.000168437
228.96 0.000158542
229.32 0.000151823
229.68 0.000155608
230.04 0.000148872
230.4 0.000144219
230.76 0.000141424
231.12 0.000142969
231.48 0.000133576
231.84 0.000128872
232.2 0.000132865
232.56 0.000129392
232.92 0.000112812
233.28 0.000114514
233.64 0.000118646
234 0.000116441
234.36 0.000104444
234.72 0.000100295
235.08 0.000106979
235.44 9.92014e-05
235.8 9.88715e-05
236.16 0.00010309
236.52 9.90625e-05
236.88 9.68576e-05
237.24 8.44965e-05
237.6 0.000101997
237.96 9.67188e-05
238.32 9.00347e-05
238.68 8.22222e-05
239.04 8.65278e-05
239.4 8.9184e-05
239.76 8.60069e-05
240.12 8.51736e-05
240.48 8.85764e-05
240.84 9.28993e-05
241.2 8.96875e-05
241.56 8.80729e-05
241.92 9.02604e-05
242.28 8.44618e-05
242.64 8.54688e-05
243 8.32118e-05
243.36 8.23785e-05
243.72 8.85764e-05
244.08 8.36111e-05
244.44 8.32986e-05
244.8 9.04514e-05
245.16 8.63715e-05
245.52 8.35243e-05
245.88 9.00174e-05
246.24 8.75694e-05
246.6 8.28819e-05
246.96 9.21528e-05
247.32 9.37326e-05
247.68 9.72917e-05
248.04 8.72049e-05
248.4 9.28993e-05
248.76 9.46354e-05
249.12 0.000100069
249.48 0.000101806
249.84 0.00010375
250.2 0.000104583
250.56 0.000116406
250.92 0.000114253
251.28 0.000111562
251.64 0.000113003
252 0.000115885
252.36 0.000125781
252.72 0.000126997
253.08 0.000118542
253.44 0.000127726
253.8 0.000123872
254.16 0.000135382
254.52 0.000136892
254.88 0.00014776
255.24 0.000151233
255.6 0.000152135
255.96 0.000155417
256.32 0.000157431
256.68 0.000165174
257.04 0.000180625
257.4 0.000176997
257.76 0.000197465
258.12 0.000182813
258.48 0.000198299
258.84 0.000224826
259.2 0.000207344
259.56 0.000236424
259.92 0.000237917
260.28 0.000252517
260.64 0.0002575
261 0.000274722
261.36 0.000282639
261.72 0.000277951
262.08 0.000307101
262.44 0.000306701
262.8 0.000332257
263.16 0.000337969
263.52 0.000348663
263.88 0.000380087
264.24 0.000391979
264.6 0.00039467
264.96 0.000439826
265.32 0.00044658
265.68 0.000481441
266.04 0.000483854
266.4 0.000510104
266.76 0.00052967
267.12 0.000565469
267.48 0.000580885
267.84 0.000624948
268.2 0.000652118
268.56 0.000695243
268.92 0.000715799
269.28 0.000752413
269.64 0.000789722
270 0.000852604
270.36 0.000888403
270.72 0.000905937
271.08 0.000930677
271.44 0.00101264
271.8 0.00103354
272.16 0.00106049
272.52 0.00115031
272.88 0.0011913
273.24 0.00125707
273.6 0.0013441
273.96 0.00138179
274.32 0.00143023
274.68 0.00151233
275.04 0.00156274
275.4 0.00166835
275.76 0.00172097
276.12 0.00181396
276.48 0.0019134
276.84 0.002007
277.2 0.00206759
277.56 0.00216696
277.92 0.00220269
278.28 0.00237835
278.64 0.00251538
279 0.00258776
279.36 0.00268774
279.72 0.00284314
280.08 0.00290307
280.44 0.00301823
280.8 0.00319427
281.16 0.00328432
281.52 0.00340437
281.88 0.00356467
282.24 0.00363936
282.6 0.00376351
282.96 0.00400177
283.32 0.00406208
283.68 0.00425852
284.04 0.00439731
284.4 0.00454865
284.76 0.00475054
285.12 0.00491257
285.48 0.0050504
285.84 0.00517472
286.2 0.0053724
286.56 0.00548856
286.92 0.00565955
287.28 0.00583976
287.64 0.00596929
288 0.00616207
288.36 0.00644623
288.72 0.00651835
289.08 0.0066566
289.44 0.00692451
289.8 0.00704217
290.16 0.00718719
290.52 0.0073038
290.88 0.00745604
291.24 0.0076087
291.6 0.00779641
291.96 0.00779715
292.32 0.00803549
292.68 0.00814549
293.04 0.00841363
293.4 0.00840599
293.76 0.00852717
294.12 0.0086097
294.48 0.00871286
294.84 0.00876321
295.2 0.00882981
295.56 0.00896535
295.92 0.00896918
296.28 0.00908314
296.64 0.00903215
297 0.00922495
297.36 0.0091921
297.72 0.00926785
298.08 0.00918736
298.44 0.00918976
298.8 0.00922549
299.16 0.00908
299.52 0.00907623
299.88 0.00902679
300.24 0.00902516
300.6 0.00891351
300.96 0.00880401
301.32 0.00881516
301.68 0.00868684
302.04 0.00862113
302.4 0.00848319
302.76 0.00840229
303.12 0.00827302
303.48 0.00811811
303.84 0.00789627
304.2 0.00782691
304.56 0.00774778
304.92 0.00758339
305.28 0.00743424
305.64 0.00733283
306 0.00714212
306.36 0.00695656
306.72 0.00674955
307.08 0.00663229
307.44 0.00651955
307.8 0.00631812
308.16 0.00610408
308.52 0.0059499
308.88 0.00578326
309.24 0.00561549
309.6 0.00541375
309.96 0.0052458
310.32 0.00509247
310.68 0.00489606
311.04 0.00480851
311.4 0.00461049
311.76 0.00447132
312.12 0.00424318
312.48 0.00408674
312.84 0.00397535
313.2 0.00380562
313.56 0.00369502
313.92 0.00350976
314.28 0.00338819
314.64 0.00322819
315 0.00310179
315.36 0.00298774
315.72 0.00288766
316.08 0.0027463
316.44 0.00261516
316.8 0.00254207
317.16 0.00238307
317.52 0.00229245
317.88 0.00214729
318.24 0.00203941
318.6 0.0019583
318.96 0.00189915
319.32 0.0018213
319.68 0.00171646
320.04 0.00163424
320.4 0.00153158
320.76 0.00147226
321.12 0.00139745
321.48 0.00132295
321.84 0.00127854
322.2 0.00118071
322.56 0.00113345
322.92 0.00107983
323.28 0.00102993
323.64 0.00096151
324 0.000927135
324.36 0.000864635
324.72 0.00082092
325.08 0.000757639
325.44 0.000723733
325.8 0.000696024
326.16 0.000656667
326.52 0.000626319
326.88 0.00058809
327.24 0.000541736
327.6 0.000506892
327.96 0.000496684
328.32 0.000478125
328.68 0.000441406
329.04 0.000425017
329.4 0.000400851
329.76 0.000369705
330.12 0.000358437
330.48 0.00032849
330.84 0.000325382
331.2 0.000278142
331.56 0.000273733
331.92 0.000251389
332.28 0.000242604
332.64 0.00023224
333 0.00022474
333.36 0.000212326
333.72 0.000199323
334.08 0.000189948
334.44 0.00017191
334.8 0.000172917
335.16 0.000152604
335.52 0.000145747
335.88 0.000142083
336.24 0.0001325
336.6 0.000126302
336.96 0.000119948
337.32 0.000116528
337.68 0.000105243
338.04 0.000103003
338.4 0.000103993
338.76 8.98611e-05
339.12 8.76389e-05
339.48 7.87674e-05
339.84 7.90799e-05
340.2 7.47396e-05
340.56 7.25521e-05
340.92 7.02083e-05
341.28 6.31597e-05
341.64 6.44618e-05
342 5.27083e-05
342.36 5.19097e-05
342.72 5.32292e-05
343.08 4.59549e-05
343.44 4.75694e-05
343.8 4.27778e-05
344.16 4.62153e-05
344.52 3.78646e-05
344.88 3.82986e-05
345.24 3.60243e-05
345.6 3.52257e-05
345.96 3.17882e-05
346.32 3.47222e-05
346.68 3.30208e-05
347.04 3.12153e-05
347.4 2.81944e-05
347.76 2.55903e-05
348.12 2.67708e-05
348.48 2.66319e-05
348.84 2.60938e-05
349.2 2.68056e-05
349.56 2.55035e-05
349.92 2.3941e-05
350.28 2.19097e-05
350.64 2.54687e-05
351 1.99826e-05
351.36 1.93056e-05
351.72 1.81944e-05
352.08 1.91319e-05
352.44 1.7066e-05
352.8 1.96528e-05
353.16 1.58507e-05
353.52 1.54514e-05
353.88 1.61111e-05
354.24 1.90104e-05
354.6 1.62326e-05
354.96 1.78299e-05
355.32 1.8559e-05
355.68 1.71007e-05
356.04 1.36632e-05
356.4 1.78125e-05
356.76 1.39757e-05
357.12 1.39062e-05
357.48 1.58854e-05
357.84 1.47049e-05
358.2 1.52257e-05
358.56 1.59549e-05
358.92 1.24132e-05
359.28 1.6684e-05
359.64 1.4184e-05
