# column 1: time [ps]
# column 2: msd xyz [A^2]
# column 3: msd x [A^2]
# column 4: msd y [A^2]
# column 5: msd z [A^2]
# column 6: number of samples [-]
0.0005 8.51624e-06 2.84967e-06 2.85173e-06 2.81484e-06 (count: 1.568e+07)
0.001 3.40641e-05 1.13984e-05 1.14066e-05 1.12591e-05 (count: 1.56799e+07)
0.0015 7.66409e-05 2.56453e-05 2.56638e-05 2.53318e-05 (count: 1.56799e+07)
0.002 0.000136242 4.55889e-05 4.56217e-05 4.50316e-05 (count: 1.56798e+07)
0.0025 0.000212862 7.12271e-05 7.12784e-05 7.03564e-05 (count: 1.56797e+07)
0.003 0.000306492 0.000102557 0.000102631 0.000101304 (count: 1.56797e+07)
0.0035 0.000417123 0.000139576 0.000139677 0.00013787 (count: 1.56796e+07)
0.004 0.000544743 0.00018228 0.000182411 0.000180052 (count: 1.56796e+07)
0.0045 0.000689339 0.000230665 0.00023083 0.000227844 (count: 1.56795e+07)
0.005 0.000850896 0.000284725 0.000284929 0.000281243 (count: 1.56794e+07)
0.0055 0.0010294 0.000344455 0.000344701 0.000340242 (count: 1.56794e+07)
0.006 0.00122483 0.000409849 0.000410141 0.000404835 (count: 1.56793e+07)
0.0065 0.00143716 0.0004809 0.000481243 0.000475017 (count: 1.56792e+07)
0.007 0.00166638 0.000557602 0.000557998 0.000550778 (count: 1.56792e+07)
0.0075 0.00191246 0.000639945 0.000640399 0.000632113 (count: 1.56791e+07)
0.008 0.00217537 0.000727922 0.000728437 0.000719011 (count: 1.5679e+07)
0.0085 0.00245509 0.000821524 0.000822104 0.000811465 (count: 1.5679e+07)
0.009 0.0027516 0.000920742 0.000921389 0.000909464 (count: 1.56789e+07)
0.0095 0.00306485 0.00102556 0.00102628 0.001013 (count: 1.56788e+07)
0.01 0.00339482 0.00113598 0.00113678 0.00112206 (count: 1.56788e+07)
0.0105 0.00374147 0.00125198 0.00125286 0.00123663 (count: 1.56787e+07)
0.011 0.00410478 0.00137355 0.00137451 0.00135671 (count: 1.56787e+07)
0.0115 0.00448469 0.00150069 0.00150173 0.00148228 (count: 1.56786e+07)
0.012 0.00488118 0.00163337 0.00163449 0.00161332 (count: 1.56785e+07)
0.0125 0.00529412 0.00177158 0.00177274 0.0017498 (count: 627136)
0.025 0.0208468 0.00697659 0.00698056 0.00688963 (count: 627072)
0.0375 0.0457493 0.0153127 0.0153192 0.0151174 (count: 627008)
0.05 0.0787045 0.0263484 0.0263541 0.0260019 (count: 626944)
0.0625 0.118236 0.0395929 0.0395904 0.0390524 (count: 626880)
0.075 0.162857 0.0545524 0.0545299 0.0537749 (count: 626816)
0.0875 0.211189 0.0707685 0.07071 0.0697109 (count: 626752)
0.1 0.262025 0.0878396 0.0877255 0.0864596 (count: 626688)
0.1125 0.314354 0.10543 0.105238 0.103686 (count: 626624)
0.125 0.367366 0.123267 0.122976 0.121123 (count: 626560)
0.1375 0.420425 0.141139 0.140726 0.13856 (count: 626496)
0.15 0.473049 0.158882 0.158326 0.155842 (count: 626432)
0.1625 0.524882 0.176373 0.175655 0.172853 (count: 626368)
0.175 0.575663 0.193524 0.192627 0.189512 (count: 626304)
0.1875 0.625213 0.210273 0.209179 0.205762 (count: 626240)
0.2 0.673419 0.22658 0.225272 0.221567 (count: 626176)
0.2125 0.720217 0.242425 0.240882 0.23691 (count: 626112)
0.225 0.765585 0.257801 0.256001 0.251783 (count: 626048)
0.2375 0.809532 0.272711 0.270631 0.26619 (count: 625984)
0.25 0.852088 0.287166 0.284781 0.280141 (count: 625920)
0.2625 0.893297 0.301179 0.298468 0.29365 (count: 625856)
0.275 0.933207 0.314766 0.311709 0.306731 (count: 625792)
0.2875 0.971866 0.327944 0.324521 0.319401 (count: 625728)
0.3 1.00932 0.340723 0.336922 0.331672 (count: 625664)
0.3125 1.04544 0.352129 0.349289 0.344017 (count: 25024)
0.625 1.67343 0.563267 0.555611 0.554555 (count: 24960)
0.9375 2.13518 0.712997 0.707349 0.71483 (count: 24896)
1.25 2.51974 0.845207 0.826686 0.847843 (count: 24832)
1.5625 2.89199 0.97733 0.941665 0.972997 (count: 24768)
1.875 3.25502 1.09829 1.06 1.09673 (count: 24704)
2.1875 3.59999 1.21232 1.16789 1.21978 (count: 24640)
2.5 3.93462 1.31752 1.27554 1.34156 (count: 24576)
2.8125 4.26398 1.42815 1.3703 1.46554 (count: 24512)
3.125 4.57925 1.53356 1.4666 1.57909 (count: 24448)
3.4375 4.87699 1.62984 1.55539 1.69176 (count: 24384)
3.75 5.1809 1.72842 1.65022 1.80226 (count: 24320)
4.0625 5.46671 1.82107 1.73261 1.91303 (count: 24256)
4.375 5.74371 1.91067 1.81681 2.01623 (count: 24192)
4.6875 6.02644 2.00859 1.8958 2.12205 (count: 24128)
5 6.30031 2.09933 1.97676 2.22422 (count: 24064)
5.3125 6.57806 2.19232 2.05919 2.32656 (count: 24000)
5.625 6.83508 2.27672 2.13534 2.42302 (count: 23936)
5.9375 7.08304 2.35676 2.21273 2.51355 (count: 23872)
6.25 7.3416 2.43651 2.29362 2.61148 (count: 23808)
6.5625 7.58732 2.51232 2.37561 2.6994 (count: 23744)
6.875 7.83895 2.59284 2.45415 2.79196 (count: 23680)
7.1875 8.09444 2.6757 2.53661 2.88214 (count: 23616)
7.5 8.34473 2.74884 2.61741 2.97848 (count: 23552)
7.8125 8.69852 2.86333 2.85964 2.97556 (count: 896)
15.625 13.6779 4.62862 4.47159 4.57767 (count: 832)
23.4375 18.0076 6.27905 5.73255 5.99597 (count: 768)
31.25 21.7787 7.63951 6.72474 7.41449 (count: 704)
39.0625 25.0059 8.88001 7.86192 8.26393 (count: 640)
46.875 27.5352 9.97173 8.86487 8.69864 (count: 576)
54.6875 30.7993 11.084 10.241 9.47425 (count: 512)
62.5 34.0239 12.5437 11.4741 10.0061 (count: 448)
70.3125 36.9655 13.8331 12.6121 10.5203 (count: 384)
78.125 38.9237 14.7049 13.6914 10.5274 (count: 320)
85.9375 39.3092 14.5969 14.7915 9.92086 (count: 256)
93.75 40.5681 14.5886 15.6313 10.3482 (count: 192)
101.562 40.9733 14.8599 15.4748 10.6387 (count: 128)
109.375 47.6125 16.736 17.3725 13.504 (count: 64)
