# column 1: index
# column 2: distance [A]
# column 3: RDF histogram
# column 4: unnormalized distance histogram
0 0.012000 0.000000 0.000000
1 0.036000 0.000000 0.000000
2 0.060000 0.000000 0.000000
3 0.084000 0.000000 0.000000
4 0.108000 0.000000 0.000000
5 0.132000 0.000000 0.000000
6 0.156000 0.000000 0.000000
7 0.180000 0.000000 0.000000
8 0.204000 0.000000 0.000000
9 0.228000 0.000000 0.000000
10 0.252000 0.000000 0.000000
11 0.276000 0.000000 0.000000
12 0.300000 0.000000 0.000000
13 0.324000 0.000000 0.000000
14 0.348000 0.000000 0.000000
15 0.372000 0.000000 0.000000
16 0.396000 0.000000 0.000000
17 0.420000 0.000000 0.000000
18 0.444000 0.000000 0.000000
19 0.468000 0.000000 0.000000
20 0.492000 0.000000 0.000000
21 0.516000 0.000000 0.000000
22 0.540000 0.000000 0.000000
23 0.564000 0.000000 0.000000
24 0.588000 0.000000 0.000000
25 0.612000 0.000000 0.000000
26 0.636000 0.000000 0.000000
27 0.660000 0.000000 0.000000
28 0.684000 0.000000 0.000000
29 0.708000 0.000000 0.000000
30 0.732000 0.000000 0.000000
31 0.756000 0.000000 0.000000
32 0.780000 0.000000 0.000000
33 0.804000 0.000000 0.000000
34 0.828000 0.000000 0.000000
35 0.852000 0.000000 0.000000
36 0.876000 0.000000 0.000000
37 0.900000 0.000000 0.000000
38 0.924000 0.000000 0.000000
39 0.948000 0.000000 0.000000
40 0.972000 0.000000 0.000000
41 0.996000 0.000000 0.000000
42 1.020000 0.000000 0.000000
43 1.044000 0.000000 0.000000
44 1.068000 0.000000 0.000000
45 1.092000 0.000000 0.000000
46 1.116000 0.000000 0.000000
47 1.140000 0.000000 0.000000
48 1.164000 0.000000 0.000000
49 1.188000 0.000000 0.000000
50 1.212000 0.000000 0.000000
51 1.236000 0.000000 0.000000
52 1.260000 0.000000 0.000000
53 1.284000 0.000000 0.000000
54 1.308000 0.000000 0.000000
55 1.332000 0.000000 0.000000
56 1.356000 0.000000 0.000000
57 1.380000 0.000000 0.000000
58 1.404000 0.000000 0.000000
59 1.428000 0.000000 0.000000
60 1.452000 0.000000 0.000000
61 1.476000 0.000000 0.000000
62 1.500000 0.000000 0.000000
63 1.524000 0.000000 0.000000
64 1.548000 0.000000 0.000000
65 1.572000 0.000000 0.000000
66 1.596000 0.000000 0.000000
67 1.620000 0.000000 0.000000
68 1.644000 0.000000 0.000000
69 1.668000 0.000000 0.000000
70 1.692000 0.000000 0.000000
71 1.716000 0.000000 0.000000
72 1.740000 0.000000 0.000000
73 1.764000 0.000000 0.000000
74 1.788000 0.000000 0.000000
75 1.812000 0.000000 0.000000
76 1.836000 0.000000 0.000000
77 1.860000 0.000000 0.000000
78 1.884000 0.000000 0.000000
79 1.908000 0.000000 0.000000
80 1.932000 0.000000 0.000000
81 1.956000 0.000000 0.000000
82 1.980000 0.000000 0.000000
83 2.004000 0.000000 0.000000
84 2.028000 0.000000 0.000000
85 2.052000 0.000000 0.000000
86 2.076000 0.000000 0.000000
87 2.100000 0.000000 0.000000
88 2.124000 0.000000 0.000000
89 2.148000 0.000000 0.000000
90 2.172000 0.000000 0.000000
91 2.196000 0.000000 0.000000
92 2.220000 0.000000 0.000000
93 2.244000 0.000000 0.000000
94 2.268000 0.000000 0.000000
95 2.292000 0.000000 0.000000
96 2.316000 0.000000 0.000000
97 2.340000 0.000024 0.000333
98 2.364000 0.000095 0.001375
99 2.388000 0.000655 0.009625
100 2.412000 0.004104 0.061539
101 2.436000 0.013469 0.205991
102 2.460000 0.042484 0.662597
103 2.484000 0.108118 1.719303
104 2.508000 0.239166 3.877088
105 2.532000 0.442062 7.304029
106 2.556000 0.731771 12.321070
107 2.580000 1.093386 18.757052
108 2.604000 1.499434 26.203617
109 2.628000 1.911189 34.017791
110 2.652000 2.259811 40.961043
111 2.676000 2.545442 46.977209
112 2.700000 2.742318 51.522520
113 2.724000 2.834257 54.200742
114 2.748000 2.842803 55.326361
115 2.772000 2.773159 54.917795
116 2.796000 2.676557 53.926545
117 2.820000 2.529747 51.847423
118 2.844000 2.340359 48.785801
119 2.868000 2.164734 45.889630
120 2.892000 1.996498 43.034540
121 2.916000 1.834305 40.197450
122 2.940000 1.662288 37.029915
123 2.964000 1.533466 34.720220
124 2.988000 1.419750 32.668180
125 3.012000 1.318238 30.821632
126 3.036000 1.220049 28.982292
127 3.060000 1.149599 27.742219
128 3.084000 1.079146 26.452148
129 3.108000 1.027107 25.569935
130 3.132000 0.984556 24.890630
131 3.156000 0.942860 24.203200
132 3.180000 0.906767 23.632057
133 3.204000 0.877404 23.213283
134 3.228000 0.857264 23.021499
135 3.252000 0.840010 22.894838
136 3.276000 0.830177 22.962043
137 3.300000 0.820552 23.029582
138 3.324000 0.821801 23.401317
139 3.348000 0.815830 23.567976
140 3.372000 0.812212 23.801050
141 3.396000 0.811532 24.120870
142 3.420000 0.815144 24.571893
143 3.444000 0.814086 24.885630
144 3.468000 0.823983 25.540436
145 3.492000 0.825183 25.932878
146 3.516000 0.825062 26.286696
147 3.540000 0.830774 26.831257
148 3.564000 0.842120 27.567726
149 3.588000 0.848917 28.165785
150 3.612000 0.858506 28.866256
151 3.636000 0.865024 29.473230
152 3.660000 0.878752 30.337528
153 3.684000 0.884514 30.938253
154 3.708000 0.895462 31.730595
155 3.732000 0.897999 32.233740
156 3.756000 0.911410 33.137286
157 3.780000 0.916477 33.748677
158 3.804000 0.934452 34.848965
159 3.828000 0.945638 35.712512
160 3.852000 0.958975 36.671764
161 3.876000 0.961505 37.228115
162 3.900000 0.974625 38.204866
163 3.924000 0.987234 39.176868
164 3.948000 1.003835 40.324445
165 3.972000 1.013922 41.226366
166 3.996000 1.014908 41.766635
167 4.020000 1.023600 42.631849
168 4.044000 1.032414 43.513895
169 4.068000 1.043273 44.495063
170 4.092000 1.054035 45.486021
171 4.116000 1.063872 46.450648
172 4.140000 1.072060 47.355610
173 4.164000 1.077904 48.167410
174 4.188000 1.084981 49.044165
175 4.212000 1.098174 50.211075
176 4.236000 1.100552 50.894921
177 4.260000 1.111269 51.974501
178 4.284000 1.118675 52.912045
179 4.308000 1.111540 53.165326
180 4.332000 1.109723 53.671430
181 4.356000 1.113579 54.456356
182 4.380000 1.119853 55.368276
183 4.404000 1.119891 55.978626
184 4.428000 1.133551 57.280697
185 4.452000 1.127097 57.573601
186 4.476000 1.128158 58.250781
187 4.500000 1.126960 58.814633
188 4.524000 1.125789 59.381901
189 4.548000 1.129407 60.206491
190 4.572000 1.122154 60.452814
191 4.596000 1.120394 60.993375
192 4.620000 1.115102 61.340944
193 4.644000 1.114315 61.936169
194 4.668000 1.110442 62.360443
195 4.692000 1.107309 62.825591
196 4.716000 1.097509 62.908254
197 4.740000 1.086760 62.927753
198 4.764000 1.081613 63.265531
199 4.788000 1.072158 63.345944
200 4.812000 1.058212 63.150327
201 4.836000 1.054176 63.538561
202 4.860000 1.048087 63.800175
203 4.884000 1.041585 64.032124
204 4.908000 1.037164 64.388484
205 4.932000 1.027381 64.406441
206 4.956000 1.021482 64.661389
207 4.980000 1.013850 64.801383
208 5.004000 0.997777 64.390234
209 5.028000 0.989517 64.471147
210 5.052000 0.985214 64.805091
211 5.076000 0.974967 64.741844
212 5.100000 0.967384 64.847173
213 5.124000 0.958507 64.858256
214 5.148000 0.954225 65.174826
215 5.172000 0.949903 65.485980
216 5.196000 0.944437 65.714762
217 5.220000 0.932124 65.458564
218 5.244000 0.933597 66.166243
219 5.268000 0.924885 66.150160
220 5.292000 0.922788 66.602975
221 5.316000 0.915742 66.695263
222 5.340000 0.911429 66.981834
223 5.364000 0.904250 67.052914
224 5.388000 0.899222 67.278113
225 5.412000 0.903457 68.198492
226 5.436000 0.899576 68.509145
227 5.460000 0.905625 69.580142
228 5.484000 0.904605 70.114162
229 5.508000 0.907067 70.921670
230 5.532000 0.907238 71.554560
231 5.556000 0.906067 72.083622
232 5.580000 0.907612 72.831674
233 5.604000 0.909635 73.623307
234 5.628000 0.911839 74.435190
235 5.652000 0.912125 75.094913
236 5.676000 0.912409 75.757552
237 5.700000 0.910452 76.235740
238 5.724000 0.909483 76.797217
239 5.748000 0.911550 77.618641
240 5.772000 0.913933 78.472730
241 5.796000 0.926726 80.234282
242 5.820000 0.930215 81.204658
243 5.844000 0.932052 82.037498
244 5.868000 0.941699 83.568768
245 5.892000 0.941678 84.251865
246 5.916000 0.943211 85.077913
247 5.940000 0.949472 86.338986
248 5.964000 0.950728 87.153244
249 5.988000 0.953629 88.124161
250 6.012000 0.961649 89.579018
251 6.036000 0.967149 90.812049
252 6.060000 0.968164 91.631724
253 6.084000 0.974326 92.946794
254 6.108000 0.979212 94.151327
255 6.132000 0.981573 95.121537
256 6.156000 0.988293 96.523895
257 6.180000 0.994086 97.848215
258 6.204000 0.998138 99.011625
259 6.228000 1.003598 100.324903
260 6.252000 1.004601 101.200700
261 6.276000 1.009883 102.515312
262 6.300000 1.012414 103.559727
263 6.324000 1.020829 105.217658
264 6.348000 1.020745 106.009000
265 6.372000 1.026950 107.461397
266 6.396000 1.029457 108.536769
267 6.420000 1.034942 109.935461
268 6.444000 1.037383 111.020249
269 6.468000 1.042759 112.428357
270 6.492000 1.043549 113.350027
271 6.516000 1.042773 114.104787
272 6.540000 1.046934 115.405483
273 6.564000 1.053457 116.978418
274 6.588000 1.055828 118.100662
275 6.612000 1.053717 118.724845
276 6.636000 1.057050 119.966501
277 6.660000 1.054862 120.585684
278 6.684000 1.061256 122.192575
279 6.708000 1.060268 122.957043
280 6.732000 1.057456 123.510062
281 6.756000 1.055002 124.103579
282 6.780000 1.051668 124.591892
283 6.804000 1.053997 125.753469
284 6.828000 1.048271 125.954085
285 6.852000 1.043899 126.312154
286 6.876000 1.045471 127.390025
287 6.900000 1.046852 128.450398
288 6.924000 1.039828 128.477647
289 6.948000 1.041213 129.542186
290 6.972000 1.042645 130.618016
291 6.996000 1.039864 131.168076
292 7.020000 1.037049 131.712012
293 7.044000 1.032206 131.994792
294 7.068000 1.032668 132.955294
295 7.092000 1.029931 133.504896
296 7.116000 1.032543 134.751010
297 7.140000 1.032470 135.651890
298 7.164000 1.031430 136.427732
299 7.188000 1.028915 137.008500
300 7.212000 1.027465 137.730511
301 7.236000 1.023423 138.103371
302 7.260000 1.021148 138.711970
303 7.284000 1.017290 139.102996
304 7.308000 1.012565 139.370735
305 7.332000 1.012845 140.326445
306 7.356000 1.013003 141.268655
307 7.380000 1.011752 142.016499
308 7.404000 1.004485 141.914920
309 7.428000 1.000798 142.312154
310 7.452000 0.997281 142.729886
311 7.476000 0.996270 143.505146
312 7.500000 0.996520 144.464189
313 7.524000 0.997364 145.513479
314 7.548000 0.990485 145.433149
315 7.572000 0.990293 146.331195
316 7.596000 0.989729 147.176368
317 7.620000 0.992678 148.549144
318 7.644000 0.987730 148.741302
319 7.668000 0.988908 149.855173
320 7.692000 0.991902 151.251323
321 7.716000 0.988600 151.689971
322 7.740000 0.987493 152.464231
323 7.764000 0.990201 153.831799
324 7.788000 0.988900 154.581017
325 7.812000 0.989082 155.563852
326 7.836000 0.989381 156.568393
327 7.860000 0.988875 157.448398
328 7.884000 0.985431 157.859673
329 7.908000 0.986165 158.940586
330 7.932000 0.985501 159.799092
331 7.956000 0.986769 160.974418
332 7.980000 0.986545 161.910254
333 8.004000 0.988975 163.286946
334 8.028000 0.985169 163.635474
335 8.052000 0.985559 164.680472
336 8.076000 0.982911 165.218408
337 8.100000 0.982781 166.179993
338 8.124000 0.983441 167.278363
339 8.148000 0.986074 168.718762
340 8.172000 0.989417 170.289488
341 8.196000 0.990840 171.537519
342 8.220000 0.991452 172.650140
343 8.244000 0.994511 174.195617
344 8.268000 0.994650 175.235865
345 8.292000 0.995382 176.384359
346 8.316000 0.995004 177.339528
347 8.340000 0.994890 178.344111
348 8.364000 0.993253 179.076997
349 8.388000 0.994005 180.242532
350 8.412000 0.993006 181.093163
351 8.436000 0.993582 182.233699
352 8.460000 0.996087 183.734178
353 8.484000 0.996407 184.837340
354 8.508000 0.993676 185.375234
355 8.532000 0.997271 187.096913
356 8.556000 0.996239 187.956377
357 8.580000 0.993954 188.578684
358 8.604000 0.994745 189.786092
359 8.628000 0.995104 190.915129
360 8.652000 0.998360 192.606891
361 8.676000 1.001447 194.275822
362 8.700000 1.001783 195.417691
363 8.724000 1.004106 196.952960
364 8.748000 1.003229 197.865131
365 8.772000 1.004222 199.149285
366 8.796000 1.004728 200.341402
367 8.820000 1.003568 201.203575
368 8.844000 1.001465 201.876130
369 8.868000 1.004973 203.684263
370 8.892000 1.004486 204.689138
371 8.916000 1.005909 206.086996
372 8.940000 1.004174 206.840548
373 8.964000 1.001962 207.494646
374 8.988000 1.000823 208.369943
375 9.012000 1.002577 209.851423
376 9.036000 1.002950 211.049040
377 9.060000 1.003765 212.344152
378 9.084000 1.000645 212.807008
379 9.108000 0.997701 213.303571
380 9.132000 1.002009 215.355110
381 9.156000 1.002598 216.615933
382 9.180000 1.004849 218.241907
383 9.204000 1.003147 219.012833
384 9.228000 1.004697 220.496729
385 9.252000 1.001638 220.970376
386 9.276000 1.002262 222.256614
387 9.300000 0.998951 222.670014
388 9.324000 0.998056 223.620224
389 9.348000 0.998857 224.953335
390 9.372000 1.002251 226.878297
391 9.396000 1.000837 227.720053
392 9.420000 1.001387 229.010500
393 9.444000 1.000079 229.878297
394 9.468000 0.999851 230.995459
395 9.492000 0.999149 232.005208
396 9.516000 0.997507 232.796675
397 9.540000 0.999510 234.442148
398 9.564000 0.998451 235.373526
399 9.588000 0.997854 236.414858
400 9.612000 0.998538 237.762802
401 9.636000 0.996650 238.499938
402 9.660000 0.998234 240.070205
403 9.684000 0.996242 240.783301
404 9.708000 0.997922 242.386317
405 9.732000 0.997864 243.571893
406 9.756000 0.998186 244.853839
407 9.780000 0.999001 246.260989
408 9.804000 1.000021 247.723678
409 9.828000 0.999805 248.884255
410 9.852000 1.000316 250.229074
411 9.876000 1.002011 251.875797
412 9.900000 1.002264 253.165285
413 9.924000 1.003280 254.652139
414 9.948000 1.004999 256.323778
415 9.972000 1.001368 256.631557
416 9.996000 1.001874 257.998708
417 10.020000 1.004186 259.837298
418 10.044000 1.006997 261.814216
419 10.068000 1.006692 262.987417
420 10.092000 1.005023 263.804675
421 10.116000 1.006729 265.510604
422 10.140000 1.007890 267.079622
423 10.164000 1.006555 267.990084
424 10.188000 1.006496 269.241407
425 10.212000 1.006427 270.492729
426 10.236000 1.006047 271.663097
427 10.260000 1.006272 272.999667
428 10.284000 1.005775 274.142827
429 10.308000 1.008291 276.112787
430 10.332000 1.006747 276.975293
431 10.356000 1.006804 278.279197
432 10.380000 1.008383 280.009166
433 10.404000 1.007999 281.198200
434 10.428000 1.006894 282.187492
435 10.452000 1.009466 284.211825
436 10.476000 1.007755 285.034624
437 10.500000 1.009080 286.718637
438 10.524000 1.009591 288.176701
439 10.548000 1.009850 289.566976
440 10.572000 1.009644 290.826841
441 10.596000 1.007949 291.658139
442 10.620000 1.007231 292.772343
443 10.644000 1.005286 293.528978
444 10.668000 1.003989 294.473855
445 10.692000 1.004766 296.029165
446 10.716000 1.003778 297.067247
447 10.740000 1.004027 298.473355
448 10.764000 1.003373 299.613516
449 10.788000 1.004754 301.365485
450 10.812000 1.004956 302.768593
451 10.836000 1.004462 303.964793
452 10.860000 1.005092 305.504229
453 10.884000 1.005125 306.866089
454 10.908000 1.004471 308.020541
455 10.932000 1.006086 309.874589
456 10.956000 1.003476 310.429357
457 10.980000 1.000833 310.969585
458 11.004000 1.000858 312.338403
459 11.028000 1.002786 314.306654
460 11.052000 1.000811 315.054373
461 11.076000 1.002109 316.834674
462 11.100000 1.000692 317.759218
463 11.124000 1.001392 319.358110
464 11.148000 1.005695 322.115912
465 11.172000 1.004118 322.997042
466 11.196000 1.002623 323.903129
467 11.220000 1.001594 324.959460
468 11.244000 1.000121 325.871214
469 11.268000 0.999230 326.972334
470 11.292000 1.000470 328.774218
471 11.316000 1.002063 330.699013
472 11.340000 1.001314 331.855006
473 11.364000 0.999015 332.495771
474 11.388000 0.999780 334.157327
475 11.412000 1.001020 335.983584
476 11.436000 1.000197 337.120953
477 11.460000 1.003040 339.499771
478 11.484000 0.999516 339.725303
479 11.508000 0.999742 341.223991
480 11.532000 1.000774 343.002333
481 11.556000 0.998832 343.763010
482 11.580000 0.995822 344.152119
483 11.604000 0.998135 346.382817
484 11.628000 0.998728 348.023791
485 11.652000 0.996160 348.563352
486 11.676000 0.995895 349.907629
487 11.700000 0.995486 351.203450
488 11.724000 0.996609 353.043623
489 11.748000 0.995927 354.247823
490 11.772000 0.995112 355.405733
491 11.796000 0.995908 357.141786
492 11.820000 0.996780 358.910420
493 11.844000 0.997828 360.748135
494 11.868000 0.997934 362.250365
495 11.892000 0.999618 364.330695
496 11.916000 0.997969 365.199158
497 11.940000 1.000227 367.501312
498 11.964000 1.001323 369.384734
499 11.988000 1.001712 371.012333
